1.000000000000000000e+01 1.358635280320215802e-05 8.035053541941583293e-06
1.009271514630571254e+01 1.348097544537677291e-05 8.010567065976740238e-06
1.018628990244687493e+01 1.337140466939124398e-05 7.979719644892616575e-06
1.028073223830865146e+01 1.324372328352994003e-05 7.929845938357676035e-06
1.037605019766911774e+01 1.312547420058104973e-05 7.888972374017925052e-06
1.047225189888434826e+01 1.302590115483223003e-05 7.865089243192563127e-06
1.056934553557988288e+01 1.291534972130058667e-05 7.828309310728489174e-06
1.066733937734857562e+01 1.279119117383817519e-05 7.777352182564517639e-06
1.076624177045493269e+01 1.268421269296565601e-05 7.742931395468959449e-06
1.086606113854597311e+01 1.258791208938120328e-05 7.717192620280547802e-06
1.096680598336868506e+01 1.247319075931445622e-05 7.671647942227696865e-06
1.106848488549412401e+01 1.235723724236823426e-05 7.624580780115010951e-06
1.117110650504824143e+01 1.226252757313790870e-05 7.597480918533658838e-06
1.127467958244946544e+01 1.216241960402932447e-05 7.563170966080432334e-06
1.137921293915315246e+01 1.204603337274617238e-05 7.511902780562267615e-06
1.148471547840289553e+01 1.194584705570746495e-05 7.476279174403285882e-06
1.159119618598885815e+01 1.185546910409392746e-05 7.448633605713560000e-06
1.169866413101307501e+01 1.174610273635318462e-05 7.400834594402782232e-06
1.180712846666190430e+01 1.164062000112238102e-05 7.356664825403843286e-06
1.191659843098559435e+01 1.155418346623434459e-05 7.330165472966519476e-06
1.202708334768512088e+01 1.145359190351699236e-05 7.287880099793685168e-06
1.213859262690628427e+01 1.134668938304612291e-05 7.239062277380175624e-06
1.225113576604119103e+01 1.126084987363995436e-05 7.210291648873152488e-06
1.236472235053715529e+01 1.116777472084562330e-05 7.172596418910989944e-06
1.247936205471311411e+01 1.106220578458775824e-05 7.122018773423114954e-06
1.259506464258357639e+01 1.097670384604416605e-05 7.090754488155928619e-06
1.271183996869028832e+01 1.088882823134044399e-05 7.055459293474354622e-06
1.282969797894147490e+01 1.078580318542296690e-05 7.004531174968574790e-06
1.294864871145904139e+01 1.070174551852352027e-05 6.971943179478794840e-06
1.306870229743346279e+01 1.061696035758556090e-05 6.937034672793041605e-06
1.318986896198669889e+01 1.051673132920699206e-05 6.886202323667597789e-06
1.331215902504307635e+01 1.043562402653724356e-05 6.853863475596198007e-06
1.343558290220825491e+01 1.035194955065554030e-05 6.817468572419595851e-06
1.356015110565633286e+01 1.025482112494001898e-05 6.767215129017179856e-06
1.368587424502518246e+01 1.017781100442747962e-05 6.736338637926605406e-06
1.381276302832009328e+01 1.009325192427442860e-05 6.696578921859378086e-06
1.394082826282577869e+01 1.000060031314260412e-05 6.648455695131298437e-06
1.407008085602685021e+01 9.927826770014012853e-06 6.619310578994145977e-06
1.420053181653682373e+01 9.840762650928701018e-06 6.574657265447051506e-06
1.433219225503573924e+01 9.755207578515117544e-06 6.531414119964205474e-06
1.446507338521646346e+01 9.684088695863854519e-06 6.501370780296383193e-06
1.459918652473978540e+01 9.594454424202934751e-06 6.452086991581128504e-06
1.473454309619835101e+01 9.518569600891194345e-06 6.416225079873936935e-06
1.487115462808953659e+01 9.443751041584096841e-06 6.380167402902381932e-06
1.500903275579735840e+01 9.356747114417617039e-06 6.331626862661702884e-06
1.514818922258345779e+01 9.289260039207513473e-06 6.301882690100072983e-06
1.528863588058730194e+01 9.207101540139269567e-06 6.256405524007892719e-06
1.543038469183564665e+01 9.130605537596624970e-06 6.216473721484473594e-06
1.557344772926134446e+01 9.061751014188616207e-06 6.183038254233842916e-06
1.571783717773162792e+01 8.978008352992220397e-06 6.134354497999465509e-06
1.586356533508590516e+01 8.913155477319203326e-06 6.103951878961432850e-06
1.601064461318317811e+01 8.834440857688270114e-06 6.058751905036973665e-06
1.615908753895918437e+01 8.762903434702258877e-06 6.020605193642575390e-06
1.630890675549332514e+01 8.694964453280984849e-06 5.984958144131073349e-06
1.646011502308550689e+01 8.616323705808184527e-06 5.938407624145619673e-06
1.661272522034293075e+01 8.554974038361243767e-06 5.908405904027482271e-06
1.676675034527699992e+01 8.476551183364639135e-06 5.860702530701027472e-06
1.692220351641037013e+01 8.413661655728176374e-06 5.828231360724343396e-06
1.707909797389427453e+01 8.341553354244045316e-06 5.785625592164454634e-06
1.723744708063619768e+01 8.274108382310807120e-06 5.747579691062231462e-06
1.739726432343801577e+01 8.208852477459935252e-06 5.710793626125664945e-06
1.755856331414468841e+01 8.137452507897817867e-06 5.667749879714317446e-06
1.772135779080359441e+01 8.077679318102325300e-06 5.635487654878224916e-06
1.788566161883461803e+01 8.004293305674649382e-06 5.589383604081218214e-06
1.805148879221109226e+01 7.947571601870211732e-06 5.559305375461916699e-06
1.821885343465167040e+01 7.874579470464682511e-06 5.512538406345109952e-06
1.838776980082327839e+01 7.818690273895982101e-06 5.482514680680758175e-06
1.855825227755518725e+01 7.747854333603253701e-06 5.436897740400721382e-06
1.873031538506437244e+01 7.691647207473208518e-06 5.405712571275747068e-06
1.890397377819221347e+01 7.623308412609939901e-06 5.361711046359520907e-06
1.907924224765265819e+01 7.566971595432810242e-06 5.329568247560647175e-06
1.925613572129198658e+01 7.500594237653944987e-06 5.286701838179481863e-06
1.943466926536020267e+01 7.444718732248191488e-06 5.254213352075031627e-06
1.961485808579431378e+01 7.379633762416890037e-06 5.211864224673186900e-06
1.979671752951332664e+01 7.324799866076442064e-06 5.179632933242187325e-06
1.998026308572550747e+01 7.260485548622730864e-06 5.137331074344439797e-06
2.016551038724746192e+01 7.206999104122280979e-06 5.105714808023720755e-06
2.035247521183577746e+01 7.143054441935076587e-06 5.063075372682655919e-06
2.054117348353064187e+01 7.091461337306533210e-06 5.032621121105968651e-06
2.073162127401231203e+01 7.027447001086074190e-06 4.989280313828079609e-06
2.092383480396976836e+01 6.977523712367921618e-06 4.959777908379419351e-06
2.111783044448244340e+01 6.914526202061944794e-06 4.916906961936883279e-06
2.131362471841437412e+01 6.864193477777610356e-06 4.886254193083485558e-06
2.151123430182167340e+01 6.804807002662601941e-06 4.846460152015053017e-06
2.171067602537264563e+01 6.751882828395154914e-06 4.812580263607318778e-06
2.191196687578148428e+01 6.697078397596407857e-06 4.776783704943784351e-06
2.211512399725488720e+01 6.641003153331426554e-06 4.739214703699799938e-06
2.232016469295233208e+01 6.591442983008752254e-06 4.708096773149977261e-06
2.252710642645980244e+01 6.532273976271465329e-06 4.666962977929897560e-06
2.273596682327716323e+01 6.485046821653543591e-06 4.637522923028738452e-06
2.294676367231936354e+01 6.428621075844903570e-06 4.598749713358180515e-06
2.315951492743153395e+01 6.378019009752294421e-06 4.565384745064893294e-06
2.337423870891814914e+01 6.328130462597210098e-06 4.532696412071265895e-06
2.359095330508635158e+01 6.272263868339719371e-06 4.493635351612670438e-06
2.380967717380358550e+01 6.226737341106771746e-06 4.464748382925187156e-06
2.403042894406968344e+01 6.172740706117604023e-06 4.427256991494236416e-06
2.425322741760352940e+01 6.122627445072594081e-06 4.393275036877306337e-06
2.447809157044441619e+01 6.076344617416368488e-06 4.363063816294979038e-06
2.470504055456825299e+01 6.022236165909589213e-06 4.324804861637245153e-06
2.493409369951879029e+01 5.976126371223514521e-06 4.294258328193891920e-06
2.516527051405391546e+01 5.928639637630466079e-06 4.262293325375013749e-06
2.539859068780724982e+01 5.876234293963464772e-06 4.225147733786376747e-06
2.563407409296514672e+01 5.831989600341318482e-06 4.195940238304322408e-06
2.587174078595922566e+01 5.784527606827059733e-06 4.163484246652792047e-06
2.611161100917459521e+01 5.733843543339109785e-06 4.127547702708767002e-06
2.635370519267394229e+01 5.690318174372470492e-06 4.098589141275878972e-06
2.659804395593758386e+01 5.644111860736920488e-06 4.066888778627221681e-06
2.684464810961963721e+01 5.594537868346545011e-06 4.031636363323862575e-06
2.709353865732051503e+01 5.551128999072750753e-06 4.002345696616997804e-06
2.734473679737581264e+01 5.507351292348287997e-06 3.972662420065895500e-06
2.759826392466180423e+01 5.458897370662990410e-06 3.938116471143490523e-06
2.785414163241767227e+01 5.414073052104030516e-06 3.907027341720286328e-06
2.811239171408464088e+01 5.372717419009878957e-06 3.879320755571593368e-06
2.837303616516213012e+01 5.327228794086016676e-06 3.847436455456884064e-06
2.863609718508115876e+01 5.280804653790334417e-06 3.814312381662783768e-06
2.890159717909510206e+01 5.238762081330107922e-06 3.785635075556879360e-06
2.916955876018796090e+01 5.197966400554239195e-06 3.758055907051938683e-06
2.944000475100035175e+01 5.153260441613586678e-06 3.726500776463834481e-06
2.971295818577334202e+01 5.108136333097746582e-06 3.694361399068985322e-06
2.998844231231029056e+01 5.066819101901493002e-06 3.665919057767570153e-06
3.026648059395692059e+01 5.027211681224817194e-06 3.639143215552003937e-06
3.054709671159969631e+01 4.985328831727185006e-06 3.610023648439439396e-06
3.083031456568277306e+01 4.941482544812664829e-06 3.578831037027441090e-06
3.111615827824359926e+01 4.899395749019883870e-06 3.549274284862015630e-06
3.140465219496752525e+01 4.859689601099848353e-06 3.522035820586313912e-06
3.169582088726115288e+01 4.820694370548364021e-06 3.495472860525203676e-06
3.198968915434537763e+01 4.780250381180577365e-06 3.467377552760640170e-06
3.228628202536730640e+01 4.738595919661992624e-06 3.438025953283976232e-06
3.258562476153226584e+01 4.697574700242897549e-06 3.409198678199086601e-06
3.288774285825510191e+01 4.658181288078321351e-06 3.381922037766606291e-06
3.319266204733190051e+01 4.619833785920166045e-06 3.355642088059228674e-06
3.350040829913132256e+01 4.581957450356098524e-06 3.329816258375022752e-06
3.381100782480685041e+01 4.543331877357497554e-06 3.303168059633044318e-06
3.412448707852889385e+01 4.504082759396590598e-06 3.275853476235157580e-06
3.444087275973823381e+01 4.464840464919734042e-06 3.248479720322174936e-06
3.476019181541977332e+01 4.425591161418880710e-06 3.221046635778135741e-06
3.508247144239792448e+01 4.387680425381591703e-06 3.194886124173986667e-06
3.540773908965270067e+01 4.350216414445302917e-06 3.169151071962172405e-06
3.573602246065788535e+01 4.313314876083704671e-06 3.143925274174068313e-06
3.606734951574028258e+01 4.276851317127348000e-06 3.119103699188948800e-06
3.640174847446141371e+01 4.240591227153406290e-06 3.094451657510789720e-06
3.673924781802073625e+01 4.204417544300611188e-06 3.069852412845691027e-06
3.707987629168169974e+01 4.168288392078194483e-06 3.045264077973262362e-06
3.742366290721980704e+01 4.132218575034235535e-06 3.020702040071369651e-06
3.777063694539366168e+01 4.096252801343590715e-06 2.996211554617882146e-06
3.812082795843888050e+01 4.060468882312130698e-06 2.971859187311218698e-06
3.847426577258503499e+01 4.024916644953059470e-06 2.947717843330079202e-06
3.883098049059604762e+01 3.989594330952943687e-06 2.923789374930617798e-06
3.919100249433403604e+01 3.954545593110896630e-06 2.900094014520115155e-06
3.955436244734701745e+01 3.919715960663985116e-06 2.876591520835393722e-06
3.992109129748051544e+01 3.885062842645112966e-06 2.853240409368543188e-06
4.029122027951347462e+01 3.850515931799934635e-06 2.829970986421543739e-06
4.066478091781856108e+01 3.816272405788690114e-06 2.806985346081160973e-06
4.104180502904709016e+01 3.782232266052914064e-06 2.784178665983367097e-06
4.142232472483895833e+01 3.748478447781647977e-06 2.761645718469942761e-06
4.180637241455757902e+01 3.714625330609670768e-06 2.738985194084664570e-06
4.219398080805026297e+01 3.680817812411325769e-06 2.716360481718777393e-06
4.258518291843414261e+01 3.647421329705278790e-06 2.694133592919807535e-06
4.298001206490796022e+01 3.614223676924614780e-06 2.672079927069548111e-06
4.337850187558988324e+01 3.581670420690065677e-06 2.650653216598195421e-06
4.378068629038168069e+01 3.550294679295665733e-06 2.630383418633318101e-06
4.418659956385941001e+01 3.518872309045085573e-06 2.610044362107809280e-06
4.459627626819092683e+01 3.486965681507965392e-06 2.589210555988802953e-06
4.500975129608045933e+01 3.453979506309487493e-06 2.567279221156738659e-06
4.542705986374045324e+01 3.421074397171945078e-06 2.545422627595556315e-06
4.584823751389096458e+01 3.389850068099567100e-06 2.525228917776276212e-06
4.627332011878691276e+01 3.359940836415875089e-06 2.506339915991564817e-06
4.670234388327335751e+01 3.329425587424645577e-06 2.486819379830320299e-06
4.713534534786907670e+01 3.297602006833786899e-06 2.465968040481250116e-06
4.757236139187889279e+01 3.266007463772964379e-06 2.445340024229053418e-06
4.801342923653449901e+01 3.236159534727582659e-06 2.426455167310533795e-06
4.845858644816495797e+01 3.206580948008631539e-06 2.407817874969083501e-06
4.890787094139589897e+01 3.176027497093657986e-06 2.388171216890031774e-06
4.936132098237916921e+01 3.145778018760894043e-06 2.368826715101640683e-06
4.981897519205159597e+01 3.116272384603213147e-06 2.350225267898512889e-06
5.028087254942479944e+01 3.086972377754681693e-06 2.331790680058540064e-06
5.074705239490465658e+01 3.057634015225298055e-06 2.313300266599284976e-06
5.121755443364241245e+01 3.027896492689336835e-06 2.294416973677688673e-06
5.169241873891598260e+01 2.999313218361684030e-06 2.276654404957258121e-06
5.217168575554349275e+01 2.971025781698570774e-06 2.259165011889268691e-06
5.265539630332755650e+01 2.941054957978902077e-06 2.239996788068606217e-06
5.314359158053241572e+01 2.913898082192171649e-06 2.223603514249194573e-06
5.363631316739240162e+01 2.885162198650950975e-06 2.205621789055763836e-06
5.413360302965380555e+01 2.856471133333588562e-06 2.187671039161650214e-06
5.463550352214875261e+01 2.830124546468883254e-06 2.172035172511726719e-06
5.514205739240301796e+01 2.800451374975322567e-06 2.153061608405369475e-06
5.565330778427645697e+01 2.774872487648163310e-06 2.138158612686068653e-06
5.616929824163809570e+01 2.745835360990624916e-06 2.119775489876746798e-06
5.669007271207433973e+01 2.719955035494484971e-06 2.104533157454511344e-06
5.721567555063251831e+01 2.692021961569633211e-06 2.087209585237711370e-06
5.774615152359820058e+01 2.665813344665437210e-06 2.071595260082466234e-06
5.828154581230845821e+01 2.638755090545260918e-06 2.055102672468445196e-06
5.882190401699955373e+01 2.612507316000042183e-06 2.039402586093934440e-06
5.936727216069122903e+01 2.586045584584737834e-06 2.023461513744424459e-06
5.991769669310618696e+01 2.559974858743607802e-06 2.007890255874840391e-06
6.047322449462645721e+01 2.533957644559626930e-06 1.992346295068527801e-06
6.103390288028621313e+01 2.508169966828126406e-06 1.977007553434558882e-06
6.159977960380165740e+01 2.482530807379922227e-06 1.961791114847763682e-06
6.217090286163827528e+01 2.457064135068282474e-06 1.946719739106051553e-06
6.274732129711578210e+01 2.431772459660707612e-06 1.931798152701107746e-06
6.332908400455114872e+01 2.406642236193586701e-06 1.917004723793203481e-06
6.391624053344002476e+01 2.381693747191688083e-06 1.902366436359721125e-06
6.450884089267692900e+01 2.356898675497346618e-06 1.887852042285377102e-06
6.510693555481458361e+01 2.332294760281253204e-06 1.873500831055527124e-06
6.571057546036270480e+01 2.307840213975540368e-06 1.859263539441384965e-06
6.631981202212672599e+01 2.283566404115239823e-06 1.845174298476855275e-06
6.693469712958659557e+01 2.259441861222002295e-06 1.831200632986799421e-06
6.755528315331642375e+01 2.235492901949828446e-06 1.817368315317094516e-06
6.818162294944478674e+01 2.211698349460926298e-06 1.803655380084178044e-06
6.881376986415665442e+01 2.188078283841089696e-06 1.790081009221888387e-06
6.945177773823695588e+01 2.164614944591799043e-06 1.776626509666008014e-06
7.009570091165620909e+01 2.141319833077567879e-06 1.763302598177575608e-06
7.074559422819878307e+01 2.118180926714251589e-06 1.750096480678314702e-06
7.140151304013399169e+01 2.095208227575802575e-06 1.737017411630713231e-06
7.206351321293053047e+01 2.072395764395748340e-06 1.724058463290943883e-06
7.273165113001458337e+01 2.049750002849418141e-06 1.711225124087429998e-06
7.340598369757211117e+01 2.027265449659831019e-06 1.698510798395676952e-06
7.408656834939563396e+01 2.004940927529628930e-06 1.685913495040198237e-06
7.477346305177587737e+01 1.982770091047443082e-06 1.673426253479631966e-06
7.546672630843886509e+01 1.960753954241183289e-06 1.661049692004720418e-06
7.616641716552891239e+01 1.938894311472784979e-06 1.648784985161364490e-06
7.687259521663727924e+01 1.917192506800857544e-06 1.636632731968033899e-06
7.758532060787835860e+01 1.895648942171765984e-06 1.624592456313989852e-06
7.830465404301182275e+01 1.874262152148278120e-06 1.612661870235677808e-06
7.903065678861347010e+01 1.853032046673772862e-06 1.600840053150134380e-06
7.976339067929272630e+01 1.831957833066858668e-06 1.589125436987310395e-06
8.050291812295981231e+01 1.811043621823699998e-06 1.577521165462401583e-06
8.124930210614047610e+01 1.790288711689761648e-06 1.566025424387114411e-06
8.200260619934130091e+01 1.769691586777330761e-06 1.554635639498317436e-06
8.276289456246342979e+01 1.749247700551034470e-06 1.543346460228026440e-06
8.353023195026779035e+01 1.728957709201058615e-06 1.532157833436900392e-06
8.430468371788967374e+01 1.708820007761795066e-06 1.521067453831401086e-06
8.508631582640580859e+01 1.688836308852149266e-06 1.510076298385912179e-06
8.587519484845169870e+01 1.669006042009436506e-06 1.499182990276122896e-06
8.667138797389233673e+01 1.649330506047190265e-06 1.488387976649729982e-06
8.747496301554414799e+01 1.629810388490068526e-06 1.477691015900592715e-06
8.828598841495148974e+01 1.610449050992362115e-06 1.467094356925236074e-06
8.910453324821511956e+01 1.591244149234330463e-06 1.456594474157773041e-06
8.993066723187622813e+01 1.572191178721395657e-06 1.446185962980773439e-06
9.076446072885356386e+01 1.553285350390894933e-06 1.435863465111480141e-06
9.160598475443710242e+01 1.534525887353171949e-06 1.425625827543195603e-06
9.245531098233570333e+01 1.515915114858174973e-06 1.415474886024732513e-06
9.331251175078250526e+01 1.497453495519955864e-06 1.405410441659238961e-06
9.417766006869518947e+01 1.479135969448460837e-06 1.395426934184677632e-06
9.505082962189507612e+01 1.460960650185934587e-06 1.385522262706943632e-06
9.593209477938241037e+01 1.442932275899137184e-06 1.375700782961710086e-06
9.682153059967080821e+01 1.425056453975947154e-06 1.365967277278052876e-06
9.771921283717996687e+01 1.407333792528927640e-06 1.356321253415189879e-06
9.862521794868779068e+01 1.389757116237919159e-06 1.346754704470557907e-06
9.953962309984233059e+01 1.372321397991579313e-06 1.337262265683242724e-06
1.004625061717340202e+02 1.355029043335309163e-06 1.327846061792929486e-06
1.013939457675291749e+02 1.337883999728004080e-06 1.318509434742222656e-06
1.023340212191642138e+02 1.320885470991733647e-06 1.309250856824341711e-06
1.032828125941028503e+02 1.304032967610467207e-06 1.300069168896996900e-06
1.042404007021555827e+02 1.287327600933161907e-06 1.290964775796568230e-06
1.052068671023622812e+02 1.270771823542455714e-06 1.281939264712596411e-06
1.061822941099384678e+02 1.254363953351742935e-06 1.272990025158417876e-06
1.071667648032863269e+02 1.238098904440340345e-06 1.264111325751433206e-06
1.081603630310709292e+02 1.221975191022382647e-06 1.255301284850645407e-06
1.091631734193614705e+02 1.205991285789921980e-06 1.246558000737777725e-06
1.101752813788387328e+02 1.190141683212364453e-06 1.237875861696570923e-06
1.111967731120698915e+02 1.174426544252963715e-06 1.229255120203745375e-06
1.122277356208507086e+02 1.158852800832084639e-06 1.220702480033327267e-06
1.132682567136153722e+02 1.143426107679759904e-06 1.212222793546537850e-06
1.143184250129150286e+02 1.128138979222297118e-06 1.203807832960867665e-06
1.153783299629660775e+02 1.112985540885852927e-06 1.195451594060153725e-06
1.164480618372685399e+02 1.097969459753950988e-06 1.187157608314416303e-06
1.175277117462945142e+02 1.083092016605334743e-06 1.178926743990309391e-06
1.186173716452479141e+02 1.068346390122298576e-06 1.170751959381386945e-06
1.197171343418966813e+02 1.053731927309627655e-06 1.162632761285721616e-06
1.208270935044775882e+02 1.039260725966946223e-06 1.154580846239171510e-06
1.219473436696738275e+02 1.024934864114478378e-06 1.146597270514039739e-06
1.230779802506665845e+02 1.010747620152547527e-06 1.138674535359762479e-06
1.242190995452617415e+02 9.966944198029460493e-07 1.130807770135589285e-06
1.253707987440919709e+02 9.827769279708496687e-07 1.122998357321825251e-06
1.265331759388943027e+02 9.689876496024815569e-07 1.115238680110296450e-06
1.277063301308644725e+02 9.553259992336055034e-07 1.107528434560387047e-06
1.288903612390892874e+02 9.417991653918509588e-07 1.099874688419664512e-06
1.300853701090570667e+02 9.284070602137985960e-07 1.092276905767522898e-06
1.312914585212465397e+02 9.151430977234349440e-07 1.084728346034608160e-06
1.325087291997953969e+02 9.020083726537706135e-07 1.077230165666951713e-06
1.337372858212496283e+02 8.890000501381545172e-07 1.069779487337013796e-06
1.349772330233941773e+02 8.761116990265104872e-07 1.062370285301411041e-06
1.362286764141646813e+02 8.633520538269842012e-07 1.055011579449338940e-06
1.374917225806418912e+02 8.507301467887240946e-07 1.047711842975650785e-06
1.387664790981307021e+02 8.382413385542796236e-07 1.040465752493463496e-06
1.400530545393219768e+02 8.258868210080761959e-07 1.033274055304656290e-06
1.413515584835395771e+02 8.136674607804923191e-07 1.026136920502176082e-06
1.426621015260736840e+02 8.015692683096253652e-07 1.019040197911452686e-06
1.439847952876006616e+02 7.895906813233211584e-07 1.011982888939672498e-06
1.453197524236895504e+02 7.777445125095444058e-07 1.004977713442440942e-06
1.466670866343968385e+02 7.660250406946470000e-07 9.980185063903096250e-07
1.480269126739508465e+02 7.544285379433970269e-07 9.911016370258512700e-07
1.493993463605256125e+02 7.429583636966586269e-07 9.842304002123735943e-07
1.507845045861051005e+02 7.316054418951151469e-07 9.773958066489388180e-07
1.521825053264387009e+02 7.203656308067013290e-07 9.705944452461153112e-07
1.535934676510896963e+02 7.092480368031236038e-07 9.638357586778159852e-07
1.550175117335768675e+02 6.982561802432744471e-07 9.571231295455892259e-07
1.564547588616095766e+02 6.873926561762412083e-07 9.504587256110532038e-07
1.579053314474175806e+02 6.766506038326164244e-07 9.438353882120684746e-07
1.593693530381774508e+02 6.660216961175455039e-07 9.372451822999127650e-07
1.608469483265355109e+02 6.555162848393484554e-07 9.306986630316205438e-07
1.623382431612278083e+02 6.451315648534085802e-07 9.241927962788378435e-07
1.638433645577984521e+02 6.348662268260547349e-07 9.177263848688631155e-07
1.653624407094180526e+02 6.247277089175485000e-07 9.113065227759899733e-07
1.668956009978023189e+02 6.146950772267829611e-07 9.049123947036545918e-07
1.684429760042315252e+02 6.047629704700195857e-07 8.985400156177471099e-07
1.700046975206718116e+02 5.949467372415076610e-07 8.922053792600751528e-07
1.715808985610004811e+02 5.852441603835514681e-07 8.859063856234709215e-07
1.731717133723352902e+02 5.756600104355702199e-07 8.796478894189915020e-07
1.747772774464680765e+02 5.661931377524067281e-07 8.734285397099699411e-07
1.763977275314045130e+02 5.568371357415702897e-07 8.672421249875719698e-07
1.780332016430113811e+02 5.475953540514419400e-07 8.610922061217379029e-07
1.796838390767719034e+02 5.384703623404975765e-07 8.549813691997663015e-07
1.813497804196495338e+02 5.294656015838410895e-07 8.489126700274363966e-07
1.830311675620613130e+02 5.205628261329912450e-07 8.428680675028976540e-07
1.847281437099634331e+02 5.117619858857441252e-07 8.368485848239400014e-07
1.864408533970485280e+02 5.030650702611154035e-07 8.308567843566873712e-07
1.881694424970555701e+02 4.944720589882673872e-07 8.248934400070284228e-07
1.899140582361935685e+02 4.859965947078338990e-07 8.189721317666004274e-07
1.916748492056815110e+02 4.776217829881641114e-07 8.130760585146668202e-07
1.934519653744044376e+02 4.693522802403673731e-07 8.072106129952141978e-07
1.952455581016861004e+02 4.611903806924216588e-07 8.013782507133987277e-07
1.970557801501800554e+02 4.531448986180861085e-07 7.955877534716532443e-07
1.988827856988809799e+02 4.452130926061079719e-07 7.898357265877032669e-07
2.007267303562568088e+02 4.373822631187315924e-07 7.841097621874406439e-07
2.025877711735016931e+02 4.296516078409582308e-07 7.784096275976200894e-07
2.044660666579117674e+02 4.220235018056902327e-07 7.727383449219515270e-07
2.063617767863858603e+02 4.145008000107701855e-07 7.670988191414909089e-07
2.082750630190514300e+02 4.070735404272321773e-07 7.614817214581896708e-07
2.102060883130158402e+02 3.997460238686450879e-07 7.558919187231419348e-07
2.121550171362452488e+02 3.925210753082854817e-07 7.503327902373264347e-07
2.141220154815729302e+02 3.854167242155263100e-07 7.448216532539935587e-07
2.161072508808376256e+02 3.784086691925691298e-07 7.393340294630127141e-07
2.181108924191519804e+02 3.715012184043331717e-07 7.338747136805839221e-07
2.201331107493030004e+02 3.646815638359143287e-07 7.284317040691563284e-07
2.221740781062882206e+02 3.579624985047746399e-07 7.230184919378175718e-07
2.242339683219844915e+02 3.513337586353366334e-07 7.176252872672678570e-07
2.263129568399529603e+02 3.447907671909902946e-07 7.122485865960977371e-07
2.284112207303823254e+02 3.383429499239659335e-07 7.068987677779470717e-07
2.305289387051705887e+02 3.319952265611123191e-07 7.015807116435343385e-07
2.326662911331457906e+02 3.257465971038231634e-07 6.962936851755947707e-07
2.348234600554276312e+02 3.195871499010972069e-07 6.910279040234437889e-07
2.370006292009327922e+02 3.135219031168529452e-07 6.857893598289429765e-07
2.391979840020237305e+02 3.075529731898866376e-07 6.805799786281223608e-07
2.414157116103017700e+02 3.016644548441670904e-07 6.753848069176191343e-07
2.436540009125465929e+02 2.958508298578775449e-07 6.701996876998180738e-07
2.459130425468044052e+02 2.901237698878438088e-07 6.650376037413820165e-07
2.481930289186252878e+02 2.844919814158063178e-07 6.599074329561782112e-07
2.504941542174502445e+02 2.789450881738074705e-07 6.547990343180904683e-07
2.528166144331500504e+02 2.734862555262614806e-07 6.497164129431407249e-07
2.551606073727184025e+02 2.681167239335438292e-07 6.446608803417558966e-07
2.575263326771198535e+02 2.628281416988587851e-07 6.396247878410127731e-07
2.599139918382932706e+02 2.576036140764669691e-07 6.345926880133881795e-07
2.623237882163123800e+02 2.524643823940823825e-07 6.295871499913750337e-07
2.647559270567066392e+02 2.474071025798167495e-07 6.246052074504710308e-07
2.672106155079432597e+02 2.424270341254353838e-07 6.196427281884761114e-07
2.696880626390692441e+02 2.375260926724476200e-07 6.147026842693412444e-07
2.721884794575179285e+02 2.327128379794816546e-07 6.097937733203134876e-07
2.747120789270811088e+02 2.279725044748122595e-07 6.049016559235112262e-07
2.772590759860480603e+02 2.232942736216525399e-07 6.000171454889271259e-07
2.798296875655115628e+02 2.186821921489859559e-07 5.951458467008706342e-07
2.824241326078436032e+02 2.141389128522423399e-07 5.902914459062779002e-07
2.850426320853434845e+02 2.096535233416076160e-07 5.854448568903182560e-07
2.876854090190591364e+02 2.052472090928761323e-07 5.806279962114288618e-07
2.903526884977814007e+02 2.009202103448645636e-07 5.758412600127533694e-07
2.930446976972144171e+02 1.966432330508250415e-07 5.710565431133275417e-07
2.957616658993253509e+02 1.924302565554027449e-07 5.662896309523453527e-07
2.985038245118728923e+02 1.882793913824897482e-07 5.615395181752974219e-07
3.012714070881164048e+02 1.841844869877855961e-07 5.568016508569831090e-07
3.040646493467068581e+02 1.801546849339187078e-07 5.520863262787624895e-07
3.068837891917642082e+02 1.762003392523311829e-07 5.474039238262585986e-07
3.097290667331406553e+02 1.722988702156935302e-07 5.427329990497537258e-07
3.126007243068703474e+02 1.684582016493516039e-07 5.380826214834263097e-07
3.154990064958088283e+02 1.646763072165276811e-07 5.334515346287132838e-07
3.184241601504652976e+02 1.609342018642402808e-07 5.288226318236775570e-07
3.213764344100275707e+02 1.572597209861082762e-07 5.242251134144027535e-07
3.243560807235811012e+02 1.536517964884062180e-07 5.196578273505537848e-07
3.273633528715247394e+02 1.500978859504612865e-07 5.151088842879020384e-07
3.303985069871857831e+02 1.466107440525495927e-07 5.105917417579651404e-07
3.334618015786362548e+02 1.431637381094993636e-07 5.060807168150635343e-07
3.365534975507094373e+02 1.397610529800282439e-07 5.015819944985321491e-07
3.396738582272209328e+02 1.364241278494948902e-07 4.971175328212390351e-07
3.428231493733970296e+02 1.331310763592757352e-07 4.926662444157165815e-07
3.460016392185108884e+02 1.298959810753832832e-07 4.882432757690931096e-07
3.492095984787271163e+02 1.267142707126960156e-07 4.838443378526806780e-07
3.524473003801583673e+02 1.235646896324608059e-07 4.794498496773067121e-07
3.557150206821382312e+02 1.204684535572444928e-07 4.750821866108509175e-07
3.590130377007068319e+02 1.174215714492952693e-07 4.707380437159806847e-07
3.623416323323149868e+02 1.144351722421801337e-07 4.664291697088453236e-07
3.657010880777489774e+02 1.115064303322262578e-07 4.621521357056641622e-07
3.690916910662774626e+02 1.086108778609235823e-07 4.578838008791224082e-07
3.725137300800209914e+02 1.057654043426506394e-07 4.536422668022974766e-07
3.759674965785467862e+02 1.029586992957659411e-07 4.494168193309805184e-07
3.794532847236938551e+02 1.002100247123116983e-07 4.452275436596533292e-07
3.829713914046276955e+02 9.751283490926224875e-08 4.410676800445807931e-07
3.865221162631261791e+02 9.485538948698158811e-08 4.369264349042378637e-07
3.901057617190993483e+02 9.224642428062488123e-08 4.328129509435763628e-07
3.937226329963479543e+02 8.966973553789119996e-08 4.287121881642365929e-07
3.973730381485603971e+02 8.715233650855334023e-08 4.246517284672696982e-07
4.010572880855495441e+02 8.467750901288045079e-08 4.206146180749768968e-07
4.047756965997322141e+02 8.224472656747608067e-08 4.166011814729963342e-07
4.085285803928560995e+02 7.984263136652152631e-08 4.126008555885108751e-07
4.123162591029748114e+02 7.748471042413756272e-08 4.086285204946196005e-07
4.161390553316707042e+02 7.517863952932253723e-08 4.046914947198230238e-07
4.199972946715305966e+02 7.291549478177735041e-08 4.007812460950394124e-07
4.238913057338778572e+02 7.070146041260448565e-08 3.969037165506181552e-07
4.278214201767612508e+02 6.851992243485174885e-08 3.930431027177681563e-07
4.317879727332021389e+02 6.638661940073992158e-08 3.892155844580338163e-07
4.357913012397029888e+02 6.429485727118365146e-08 3.854147534494861774e-07
4.398317466650223651e+02 6.225276728607805589e-08 3.816485156552014179e-07
4.439096531392166298e+02 6.023350945435718235e-08 3.778908556095526315e-07
4.480253679829489215e+02 5.826044270206221494e-08 3.741659224787821955e-07
4.521792417370701855e+02 5.632630603024369770e-08 3.704666046102934034e-07
4.563716281924758391e+02 5.444208409897741359e-08 3.668037719740173705e-07
4.606028844202398318e+02 5.258704772695421956e-08 3.631571402336695818e-07
4.648733708020256472e+02 5.076968724275234379e-08 3.595358069146941329e-07
4.691834510607798734e+02 4.898022161486062762e-08 3.559309110080185507e-07
4.735334922917115819e+02 4.724139466790675316e-08 3.523651719489825514e-07
4.779238649935595049e+02 4.553506008541598333e-08 3.488204934618102618e-07
4.823549431001467269e+02 4.386357230977970597e-08 3.452996607452216375e-07
4.868271040122283466e+02 4.223062429972316626e-08 3.418069615617357357e-07
4.913407286296362031e+02 4.064041129509264749e-08 3.383461028359630774e-07
4.958962013837211771e+02 3.908455958213597670e-08 3.349091923611433031e-07
5.004939102700953413e+02 3.755381083813059686e-08 3.314874402010672420e-07
5.051342468816766313e+02 3.605730199447378519e-08 3.280908714013216740e-07
5.098176064420424609e+02 3.459425358189471051e-08 3.247189697685193235e-07
5.145443878390924510e+02 3.317316307221723929e-08 3.213800312413232235e-07
5.193149936590211837e+02 3.177185614667782546e-08 3.180526646034803706e-07
5.241298302206062090e+02 3.040792347140957794e-08 3.147547804367365514e-07
5.289893076098151141e+02 2.907691359503819200e-08 3.114822410297518836e-07
5.338938397147350088e+02 2.777160598967351919e-08 3.082281228354459251e-07
5.388438442608222658e+02 2.650118501174847563e-08 3.050020778827145891e-07
5.438397428464801351e+02 2.525764053471295185e-08 3.017964473980079621e-07
5.488819609789670722e+02 2.405673590585063372e-08 2.986267759774973250e-07
5.539709281106399885e+02 2.288101896862839538e-08 2.954758211185850138e-07
5.591070776755293537e+02 2.172737904468221383e-08 2.923410930787544535e-07
5.642908471262536523e+02 2.060960603142420507e-08 2.892367547123052553e-07
5.695226779712819507e+02 1.951485404261170583e-08 2.861503008272034107e-07
5.748030158125351363e+02 1.845123031150198269e-08 2.830899825322893378e-07
5.801323103833378809e+02 1.741944464347045690e-08 2.800567674454905791e-07
5.855110155867237154e+02 1.641549323994104798e-08 2.770466464506507693e-07
5.909395895340963989e+02 1.543712066516346216e-08 2.740573567799971166e-07
5.964184945842458774e+02 1.448376727130134035e-08 2.710896428553808797e-07
6.019481973827273578e+02 1.355751926002994326e-08 2.681451309314861473e-07
6.075291689016070222e+02 1.265906285185588103e-08 2.652248494625806297e-07
6.131618844795768837e+02 1.178742640614462701e-08 2.623282003007257890e-07
6.188468238624382138e+02 1.093216179916401340e-08 2.594450857919242116e-07
6.245844712439617297e+02 1.010112207931412843e-08 2.565838199932910478e-07
6.303753153071274937e+02 9.290154685828145004e-09 2.537410309471770952e-07
6.362198492657481665e+02 8.505084832438845223e-09 2.509228556909322989e-07
6.421185709064758385e+02 7.743156173511324694e-09 2.481263830518981264e-07
6.480719826311971019e+02 7.007073961423106072e-09 2.453545762655982313e-07
6.540805914998252319e+02 6.286541738668227616e-09 2.425979432275330256e-07
6.601449092734882242e+02 5.587893003944997997e-09 2.398629231382724580e-07
6.662654524581149644e+02 4.911994153423714815e-09 2.371506693481763547e-07
6.724427423484248720e+02 4.260624197084340761e-09 2.344631320676822228e-07
6.786773050723295455e+02 3.627776684298535616e-09 2.317945304087379269e-07
6.849696716357440209e+02 3.015260348402049903e-09 2.291470174787828481e-07
6.913203779678127603e+02 2.419470781395384087e-09 2.265172246430871414e-07
6.977299649665537800e+02 1.849521082228910634e-09 2.239146443612531820e-07
7.041989785449287638e+02 1.302187869296801407e-09 2.213359375556145975e-07
7.107279696773410933e+02 7.686629565978716568e-10 2.187725107717068025e-07
7.173174944465612271e+02 2.479672619459190419e-10 2.162240588817102012e-07
7.239681140910876138e+02 -2.512915394557463339e-10 2.136995385504667867e-07
7.306803950529499616e+02 -7.351906596981020980e-10 2.111930816018781931e-07
7.374549090259546347e+02 -1.196500573155328433e-09 2.087125094748140759e-07
7.442922330043758166e+02 -1.644661653319470105e-09 2.062479299320452391e-07
7.511929493320968731e+02 -2.079518255574141155e-09 2.038002447016165512e-07
7.581576457522110104e+02 -2.493698855102205763e-09 2.013768695262438537e-07
7.651869154570817955e+02 -2.894416426297985055e-09 1.989710695464486690e-07
7.722813571388642231e+02 -3.282795993765755041e-09 1.965822047877343198e-07
7.794415750404950813e+02 -3.662395744955050237e-09 1.942071274965934179e-07
7.866681790071581872e+02 -4.030200595263769558e-09 1.918494543998249542e-07
7.939617845382274481e+02 -4.375943143046204291e-09 1.895195330215070589e-07
8.013230128396885448e+02 -4.706163391321428696e-09 1.872106010516739363e-07
8.087524908770457159e+02 -5.022994065721955850e-09 1.849208273401999834e-07
8.162508514287227399e+02 -5.323873501162836877e-09 1.826528619541802194e-07
8.238187331399600453e+02 -5.613705022954231499e-09 1.804020409505910523e-07
8.314567805772063593e+02 -5.887680282827335270e-09 1.781734020839529484e-07
8.391656442830161495e+02 -6.158270583539499402e-09 1.759547412189992334e-07
8.469459808314584279e+02 -6.414232439575442312e-09 1.737581630333028429e-07
8.547984528840404437e+02 -6.651674821677950774e-09 1.715870764114217142e-07
8.627237292461450124e+02 -6.877991828830952082e-09 1.694342022610446474e-07
8.707224849239921696e+02 -7.092434131946161258e-09 1.673005130066614151e-07
8.787954011821318545e+02 -7.308137334911876492e-09 1.651734301148064396e-07
8.869431656014703549e+02 -7.509507463629820636e-09 1.630692609569931029e-07
8.951664721378300555e+02 -7.708789035580127152e-09 1.609758228656010885e-07
9.034660211810524970e+02 -7.897417905021961112e-09 1.589024711238194254e-07
9.118425196146562257e+02 -8.070366789335949422e-09 1.568538843965027522e-07
9.202966808760410231e+02 -8.224907277112919389e-09 1.548326270007100694e-07
9.288292250172498825e+02 -8.371761111760048676e-09 1.528277226056356192e-07
9.374408787662990790e+02 -8.517868070844081937e-09 1.508328937405751403e-07
9.461323755890759912e+02 -8.653824621223022217e-09 1.488579523241990348e-07
9.549044557518077454e+02 -8.785922961418394044e-09 1.468968681270604935e-07
9.637578663841088655e+02 -8.904038885997508775e-09 1.449598724200789306e-07
9.726933615426167989e+02 -9.012271988543191752e-09 1.430429656785869175e-07
9.817117022752183857e+02 -9.101462243728360452e-09 1.411546906171559440e-07
9.908136566858667038e+02 -9.196313554393558195e-09 1.392705642349212893e-07
1.000000000000000000e+03 -9.288520076961577881e-09 1.373998931824725311e-07
