1.287255943252636037e+01 2.010992882661406966e+00 1.297543929617279268e+01 1.260795266522133362e+00 1.258347510232177946e+00
1.281427863365567887e+01 2.757078048762651612e+00 1.274924166549807403e+01 2.353321558155180959e+00 8.934393757568001027e-01
1.354740271261773721e+01 2.697022420359167949e+00 1.273539060062521244e+01 2.535849617710188575e+00 1.813225492507247294e+00
1.288405099214627825e+01 9.693050510853612467e-01 1.315115426597223269e+01 8.066036367492925852e-01 2.640096554517544769e-01
1.264469606041043370e+01 1.586565561987594464e+00 1.297160229398826914e+01 4.563986626801964874e+00 1.439875709531736936e+00
1.281077775846341638e+01 1.417730056506683711e+00 1.367203509776424042e+01 1.835627650517712151e-01 5.231428965634313385e-04
1.267135942599376364e+01 6.956112979072137659e-01 1.252887587115287893e+01 3.773799662687917778e+00 8.570179872962726542e-01
1.275396617067734617e+01 1.643425933022997443e+00 1.333368688289558790e+01 1.337876528586614100e+00 1.804369453398092515e+00
1.291702789586176436e+01 2.830583575100291238e+00 1.332527492897875554e+01 2.438667851053659130e-01 7.397067386479204698e-01
1.251159126447891445e+01 6.405220606696457319e-02 1.307836704565069219e+01 7.194286834524237229e+00 1.449020006203126654e+00
