1.264600620944806941e+01 1.371425141030760964e+00 1.343747535991392006e+01 1.275967338583468891e+00 1.554267570675300192e+00
1.260250624190475044e+01 1.832968580601636033e-01 1.489749623367336007e+01 4.603520957758851395e+00 9.291716332461298286e-03
1.257985510705360888e+01 6.655766170388333069e-01 1.408108645069009590e+01 1.144251554120674585e+00 1.986579968862348389e-01
1.264214298472347942e+01 8.674768625950672607e-02 1.430958457645485105e+01 4.223472143712937443e-01 7.599179635271644528e-01
1.257380958894157530e+01 6.466761338625472977e-01 1.319124037402697347e+01 5.028195829906014325e+00 1.647763626848413876e-01
1.324135515153428599e+01 2.487952507565550864e+00 1.250708297677642911e+01 2.587282554676842317e+00 9.613736509638666217e-01
1.275249706835198893e+01 4.993836649764485935e-01 1.293005622748120942e+01 8.580913216580494662e+00 1.381955327925685761e+00
1.272365548368389199e+01 2.499038707655084846e+00 1.310213890276586213e+01 3.857381081319717797e+00 1.200465192444782003e+00
1.260878096715230967e+01 2.278805988694454943e+00 1.328237593815910600e+01 8.388736421095710938e+00 1.813810154383403983e+00
1.259423059364654129e+01 1.372487710026812024e+00 1.318596563459798610e+01 2.192383733231228149e+00 1.549920755822420115e-01
