1.276295177403091685e+01 8.222907952881349791e-01 1.265800459288079516e+01 5.617727136582551850e+00 1.650743068466782315e+00
1.303707966272466301e+01 2.472161111125385613e+00 1.274733074757920903e+01 1.298070653167250343e+00 1.640267845454093987e+00
1.259579073621087097e+01 2.404398961974736904e-01 1.286452086536385941e+01 3.478816852855055153e+00 1.653175176877961672e+00
1.267168199976202736e+01 3.178617015615156638e-01 1.269145045328488663e+01 6.275608663718611702e+00 1.686960977000001805e+00
1.276996877877284220e+01 2.179849856220880677e-01 1.266490984776047135e+01 7.132567949519797779e+00 1.758217021913126565e+00
1.264356997959102991e+01 2.698390276512667274e+00 1.264835547430333129e+01 8.618120702839082270e+00 1.719494457905271334e+00
1.265175155670150886e+01 2.867111939073474058e+00 1.292592795900367797e+01 4.738616131725600922e-01 1.567159643971807181e+00
1.256918011623658238e+01 2.319851332163898050e+00 1.267218222867522570e+01 1.634723620666225674e+00 1.211334364262889096e+00
1.262213759343990382e+01 2.555103620556961719e+00 1.266068299546005171e+01 2.960254357563740335e+00 1.339245974646833481e+00
1.332034444622701308e+01 2.099913742368734404e+00 1.261996286638911435e+01 2.393924116288908444e+00 1.779108851762691179e+00
