1.280264554053503190e+01 2.200065504788313309e+00 1.251025495315661296e+01 1.046932312326189995e+00 5.928237795994876214e-01
1.252308177510886367e+01 2.417214168495452231e+00 1.250313623145087050e+01 3.002353037824726512e-01 1.397430165825357395e-01
1.273432647263150308e+01 1.353933279479321850e-01 1.325550599147321584e+01 4.111613492209535980e-01 5.225292377727848159e-01
1.264665530478752764e+01 1.483191396834261828e-02 1.353803857986169135e+01 4.168346717715335492e-01 1.745302439025370744e-01
1.254806744396320539e+01 2.945427892228665190e+00 1.283812279050987293e+01 2.402723006181188836e+00 1.192770831028084455e+00
1.278211021196183772e+01 1.301838960237539089e-01 1.270456738197396440e+01 2.183269445653337915e+00 1.010257751368275780e+00
1.251978131526410998e+01 1.381083883603020090e-01 1.304674975100750167e+01 6.946514635060165865e+00 1.858113225550202419e+00
1.284758186684170944e+01 2.009065781373254200e+00 1.300908142610048479e+01 8.859764911688904343e-01 1.433109644051733023e+00
1.251393192172797342e+01 4.992172448720166161e-02 1.332289870363819695e+01 6.716525108555416734e-01 6.579849697851611889e-01
1.275812452925955398e+01 8.166466907321728863e-01 1.286094066191800067e+01 3.538270719497278005e+00 1.566758738332387546e+00
