1.270993993198179872e+01 1.951453178876402683e+00 1.275891679719833149e+01 1.291950849702957704e+00 1.334259535057032986e+00
1.364326841979808158e+01 1.907240404647611465e+00 1.257657477710663052e+01 2.328935751667646215e-01 1.205029435642138269e+00
1.253145202768314448e+01 1.894756503555669935e+00 1.282860589910889715e+01 4.604400606541307894e+00 1.962947700275734730e+00
1.255544683144814933e+01 1.410345131434099120e+00 1.290692208881844216e+01 2.344017429089390037e-02 7.008742515561821040e-01
1.267519396903414375e+01 1.179213095086606433e+00 1.293351887541576595e+01 7.676058479458408579e-01 1.172134916287528306e+00
1.282767408836474488e+01 1.071152401467254239e-01 1.306920041946627009e+01 9.058936309462475855e-02 1.481602986315041282e+00
1.265008496669023685e+01 1.014079688482911079e+00 1.266454613969325571e+01 3.699538917868748555e+00 1.561121919480625175e+00
1.257107726055069818e+01 2.484587646180371756e+00 1.279503870519113562e+01 1.239125919675896803e+00 1.024311964740813208e+00
1.292787811837558998e+01 4.385026508528876432e-01 1.302587544868738867e+01 1.245466389658047013e-01 1.269063296352667125e+00
1.275016322910362732e+01 3.572738568262928682e-02 1.259343326819956843e+01 2.446023850192274196e+00 1.376594004347988287e+00
