1.282288463032924675e+01 1.336420238925122517e+00 1.313730464417188770e+01 9.012297724150058337e-03 1.962347631695529282e+00
1.280870961215816628e+01 2.294496157421247684e+00 1.251858899605418962e+01 1.395023359216581049e+00 1.074972615934962628e+00
1.251010349527401644e+01 1.821097387720657768e+00 1.295833035457768823e+01 1.695832176446366635e+00 1.764977028285669380e+00
1.259524007759369724e+01 9.357985107379568346e-01 1.283696670665144701e+01 2.164047528750637550e+00 1.554968362318458031e+00
1.264215870786242846e+01 1.739835109577772432e+00 1.253740861217013425e+01 6.620993937578086630e+00 1.852473088374830379e+00
1.273330403145957135e+01 1.780303810146225851e+00 1.275554792300832752e+01 1.646456755117341464e+00 1.446012351891480696e+00
1.277345449795326182e+01 2.375878034146750473e+00 1.257680505129469850e+01 3.437723143394276981e+00 1.665151186128077443e+00
1.291066421169447587e+01 2.536881917959308730e+00 1.267548537266370978e+01 1.449051013623819717e+00 1.464893912139620058e+00
1.251258457353233311e+01 1.213980017208690781e-01 1.292975739887622666e+01 3.175675850759814622e+00 1.944408223639832123e+00
1.323025605171205221e+01 9.366112762739062791e-01 1.285924243730837091e+01 5.620979184205661117e-01 1.927442173645381285e+00
