1.270655492374812567e+01 1.968025280539193789e+00 1.339637635574862351e+01 1.211635815093170976e+00 1.368841720703509734e+00
1.284003107435319180e+01 2.283757146492553514e-01 1.331175084997046376e+01 4.956083749549734740e+00 1.415625329216089856e+00
1.271277568655796841e+01 3.799318582844393166e-01 1.318040352964222173e+01 1.550412589348250325e+00 8.717135907531006200e-01
1.263435574268478589e+01 2.890355745390075892e+00 1.255884110751795824e+01 4.589349545503721650e+00 6.717824785006777377e-01
1.348882303642677272e+01 2.075351763016371809e+00 1.272028817345530349e+01 1.329498735922576502e+00 1.009287449734600273e+00
1.317879169561923725e+01 2.903213700286092713e+00 1.323184270782581962e+01 7.677359168717725613e-01 1.362123382469849098e+00
1.288113541900632697e+01 8.422927492794295423e-01 1.310173916331694777e+01 9.052732474010969810e+00 1.401677250018161347e+00
1.261046898315096954e+01 2.674235892075011112e+00 1.318657277730035382e+01 5.664414155073189683e+00 1.380300121521822021e+00
1.258903092916570365e+01 1.557919580138963145e+00 1.271490480702426673e+01 2.772370709217141904e+00 2.099572947805896095e-01
1.277140400428370093e+01 2.754912898398089283e+00 1.342832111163785846e+01 2.473437166276593047e+00 1.575634250899840216e+00
