1.257085376108794605e+01 4.680051707537374317e-01 1.289267044550829411e+01 4.702878698225791076e+00 1.533327588557235721e+00
1.339928647523852234e+01 2.145754154841772454e+00 1.301305060322880536e+01 1.841923109102115447e-03 6.077810476653523475e-01
1.326740987827465368e+01 2.547626259783038805e+00 1.274459650008560985e+01 2.487939224698685781e+00 1.692615911021023489e+00
1.277250816962348345e+01 7.663566779062723766e-01 1.283493216343214272e+01 1.252318367230369711e+00 1.161368150468469418e+00
1.263906449419867783e+01 8.318538867432382355e-01 1.339074206254169930e+01 3.969731347710794833e-01 8.891764683276667802e-02
1.288376762925997809e+01 2.824776930305666345e-01 1.284586046058696596e+01 1.191299477348060076e+00 1.247487306380523631e+00
1.252591603193154590e+01 2.019785544761016904e+00 1.392143211737628228e+01 1.337025900583750371e+00 7.492266271912725872e-03
1.271551709152128851e+01 3.429004915941838982e-01 1.306925865262061670e+01 3.173429234117030196e-03 4.067725702618892325e-01
1.313175961345042531e+01 1.908763257335482022e+00 1.258924823879950594e+01 5.714895430543424304e+00 1.793677918408851824e+00
1.256836532942043405e+01 8.174160902876205503e-02 1.299002987119716757e+01 5.054940904586011641e+00 1.729523784150692522e+00
