1.291412734566862852e+01 2.761282758724086683e+00 1.250106766935518010e+01 2.992431962032269244e+00 1.157858979636659402e+00
1.317956190204117739e+01 2.745739145666195036e+00 1.256891380999416974e+01 1.135243832344628112e+00 1.201707853823426264e+00
1.266004177764873972e+01 2.449314526803275438e+00 1.268707572542216333e+01 7.796239902650837550e+00 1.479001305277660050e+00
1.270766695750260844e+01 1.740620629330620117e+00 1.287156697141958617e+01 7.151701347397167119e+00 1.734501878199826708e+00
1.270244807854414049e+01 2.718132239252450066e+00 1.278584566506125597e+01 1.380433529229340817e+00 1.250108377609206567e+00
1.261991192840715037e+01 1.333200949622919795e+00 1.274549180193253761e+01 6.213546616217777707e-01 6.124753160198481705e-01
1.264978177374770496e+01 1.746404141213590222e+00 1.268772155168580973e+01 6.732608403146285170e+00 1.382876278742664056e+00
1.329016903616059686e+01 2.101673256389333666e+00 1.251598449691521076e+01 6.618983176652392331e+00 1.789573651745316241e+00
1.264678373960190783e+01 5.178450488965845588e-01 1.295331753967257882e+01 2.634483130971725373e+00 1.572830209272409352e+00
1.299278491605374874e+01 5.736521527474390814e-01 1.262242608426359425e+01 9.601548607996491791e-01 1.105456590648768556e+00
