1.288932997709775208e+01 1.593477788602001066e+00 1.306644572849853425e+01 6.602901640537170103e+00 1.703706738539319865e+00
1.270802628815515511e+01 2.127396715775829783e+00 1.324736837819411583e+01 2.610244046249518668e+00 1.784149501932868143e+00
1.311800269798302665e+01 4.666448113368935058e-01 1.274879335199225672e+01 7.083295199177653600e+00 1.456087329526167817e+00
1.255970344118987647e+01 1.958613098826041066e+00 1.305418980415794827e+01 6.785376641392733887e+00 1.586737996556698782e+00
1.305014427382461939e+01 2.199883782935846632e+00 1.300115528730244563e+01 1.362704633518964092e+00 1.430567602849015518e+00
1.258086196715983363e+01 1.797734562893663846e+00 1.283055856491399283e+01 7.600810735453301881e+00 1.286184907922292009e+00
1.266792796879448346e+01 1.085551649316993883e+00 1.343246048007255666e+01 4.837539382154917966e+00 1.968343389747001959e+00
1.302038708573877379e+01 2.977270038363013516e+00 1.293129879411977612e+01 9.726190841197448478e-01 1.334846167362195857e+00
1.281866107760399665e+01 1.644529209743145648e+00 1.335051167925657900e+01 9.014621833424726560e+00 1.999880010713946721e+00
1.268992223823526722e+01 1.909947417232302769e+00 1.271786801464779515e+01 9.324059298605954282e+00 1.248621839414179036e+00
