1.321214739282617145e+01 2.848693440455106973e+00 1.335032387121835384e+01 5.777429223428018012e+00 1.688477683039879329e+00
1.252823440796570509e+01 2.601840982756474865e-02 1.347860798845135477e+01 7.545239135172828071e+00 1.743648751430564525e+00
1.257431771898459338e+01 1.426217561261789113e+00 1.342108984012537576e+01 7.065406524631941743e+00 1.721548505524594264e+00
1.276334371191983763e+01 2.583564207196782370e+00 1.306487212311551538e+01 1.390548123380984880e+00 7.663229539257050416e-01
1.254771696333579456e+01 1.054980158895372000e+00 1.261007427159900729e+01 5.120093854361979169e+00 4.744873094652913847e-01
1.349119438640162549e+01 2.677576355512425010e+00 1.320366192777916936e+01 8.303208634495748086e+00 1.806081983331522478e+00
1.336429236781918384e+01 1.412215884473911887e+00 1.314231657025361955e+01 1.455257043421562368e+00 1.406665315809234151e+00
1.254828784027211519e+01 2.258741584975271888e+00 1.266427537629772004e+01 2.661836638535049371e+00 4.649468777638524619e-01
1.254481338512962196e+01 2.345948006493567828e+00 1.485690943479909976e+01 4.530576833549375682e-01 1.468046407121771646e-01
1.311959025640087617e+01 2.346378720111611305e+00 1.315804853534662300e+01 1.817675090933888460e-01 5.999750247255062341e-01
