1.256344408823357917e+01 1.399547873749495741e+00 1.272910680529314220e+01 2.042545977818773117e+00 1.736365780033940265e+00
1.297181927575647720e+01 1.762972308815713651e+00 1.269579103421636468e+01 1.034029631935007743e+00 1.751793085238423364e+00
1.266049220347615289e+01 2.645348185660903462e-01 1.271283093365040173e+01 4.270391140340921154e-01 1.103781940589933841e+00
1.260133447877664103e+01 1.428235982978846685e+00 1.272470720119378207e+01 5.034954799420999549e+00 1.956398938812849542e+00
1.266129685440809105e+01 1.619593812080476480e+00 1.296812208422075940e+01 2.598695139208568317e-01 1.902289035842705589e+00
1.281717034325306770e+01 6.465108108271445664e-01 1.258602603524435359e+01 2.972305722672328177e-01 9.656571405234019023e-01
1.312092730264154383e+01 2.953092035464896181e+00 1.290290675374932761e+01 5.248205377808388278e-02 1.661137505017100224e+00
1.252781822610025131e+01 1.024286034435638149e+00 1.270359833117002601e+01 6.919483536136803892e+00 1.871419626397561764e+00
1.272888108133810903e+01 6.706073559975316289e-01 1.269269581462483210e+01 6.828130822285010115e-01 1.289508041784625414e+00
1.261328630172843646e+01 1.424647598114587854e+00 1.274111476778033669e+01 4.163539266619094903e+00 1.926157228539669530e+00
