1.275015533590834060e+01 9.352743227027647821e-01 1.277903650819200188e+01 1.600761532214537985e-01 1.354738492020609031e-01
1.288509584332432922e+01 1.214990941369561206e+00 1.297932472661085512e+01 2.952896375628595749e+00 1.687654465822210570e+00
1.369515157556632623e+01 1.159165045859993803e+00 1.293721081790644689e+01 1.407204159202116167e-01 1.261107223685706158e+00
1.277795647392660072e+01 2.182241889142568780e+00 1.261919397373420360e+01 6.996521305741225660e+00 1.472432036493495300e+00
1.266058951888815365e+01 2.677226860566223277e+00 1.257943852671529861e+01 3.279914091735122383e+00 9.872183426534049122e-01
1.303797454265279576e+01 4.616946629644775313e-01 1.260951194996638236e+01 9.368981602344383930e-01 6.743975132406980766e-01
1.277378528846938011e+01 8.387316979147737550e-01 1.284542345435371935e+01 5.726902748625683159e+00 1.727021740671252026e+00
1.253377313473762023e+01 1.528737432703548338e+00 1.303329331003202363e+01 2.841167000164171341e+00 1.360479956934377954e+00
1.270179902489008761e+01 7.733098539332539101e-01 1.375898197898494857e+01 4.225361444465849381e-01 6.931282446112739526e-02
1.397790524154062908e+01 2.221636505393155048e+00 1.264640445685488501e+01 2.453473891523844652e-01 1.299125253223220033e+00
