1.263553424703305872e+01 1.222738510392345490e-01 1.332459107000562426e+01 4.296298695551391766e+00 1.841965727245820306e+00
1.297366824023118959e+01 6.761330328987267269e-01 1.280113313490420168e+01 1.434564977023952803e+00 1.107347572342832098e+00
1.251705016716010199e+01 2.091176572254547228e+00 1.346657745378893623e+01 3.281524692918460939e+00 1.913684881616533717e+00
1.286300071129271316e+01 1.401509919131811222e+00 1.332823604443704824e+01 1.943562716439139804e+00 1.951585285217301458e+00
1.330462436231025691e+01 1.787159151100266241e+00 1.264940495080239025e+01 2.347027168132234110e-01 3.977165316860082345e-01
1.250500683625791254e+01 1.132637495489019264e+00 1.299914290382225346e+01 4.546191803154093214e-01 8.514886579615120743e-01
1.253522165090909191e+01 9.676315276858764303e-02 1.274986560703145244e+01 6.311789256869636766e+00 3.176332463322489308e-01
1.253145738292748135e+01 9.292683874741938244e-01 1.255216540980383932e+01 9.546330271777206278e+00 8.817487079672938766e-01
1.255357375942672071e+01 2.988027374621846644e+00 1.312308174295854357e+01 8.054785036119362474e+00 1.503768104561512553e+00
1.252506545878725319e+01 3.076492133761362657e-01 1.408958404087743865e+01 8.995103645203470499e-01 7.948669925917971335e-02
