1.300115412759560130e+01 2.524123029401844853e+00 1.278172890277941498e+01 1.739826814562732249e+00 1.662647337670694503e+00
1.253014313869467067e+01 2.503811533329586107e-03 1.282169675467093661e+01 1.820741387456397353e+00 1.422333564206993195e+00
1.254901391547668510e+01 2.046235919910339263e+00 1.276407560769693106e+01 8.319381415106037458e-01 5.549509103451533143e-01
1.272753625310345882e+01 1.217481462348506849e+00 1.272581455338862000e+01 1.615257126877237326e+00 1.196441715423008256e+00
1.276418175920026243e+01 2.540223305523737096e+00 1.282299262626733949e+01 2.863954077596928993e+00 1.668345649899166228e+00
1.256822726882460550e+01 2.029578265077433663e+00 1.268698603808841519e+01 7.572244977424843704e+00 1.618999851605508855e+00
1.367994214944095255e+01 2.660854847933983081e+00 1.267752399564204602e+01 2.309516318138168656e-01 1.408591386003828605e+00
1.261308920754291307e+01 2.775199069973359745e+00 1.272682401249678108e+01 8.097357072576327752e+00 1.852619229587696204e+00
1.261670952514625021e+01 1.057514607748823332e+00 1.264483121150695588e+01 8.942558582558270075e+00 1.688466826109694674e+00
1.325479189565190374e+01 1.728599852754449717e+00 1.260803618130258563e+01 3.780882778296054791e+00 1.969989944731518783e+00
