1.275145616618740441e+01 1.368644791844415121e+00 1.293967967319096246e+01 4.235623647583630635e+00 1.388018494138788528e+00
1.267191016520910907e+01 7.855744586270088092e-01 1.304278306083250349e+01 1.840952501465374258e+00 1.389099310338310078e-01
1.281185194289778018e+01 3.399929785058978249e-01 1.311775993197446333e+01 6.969404110956810561e-01 4.500951976881485406e-01
1.252412803308456013e+01 2.838055719402030164e+00 1.309858956903609695e+01 9.942737772189445877e+00 1.714914631048050531e+00
1.252614933871309155e+01 5.053179365251143224e-02 1.285650163656707079e+01 4.365751808975927517e+00 8.994742416657789397e-01
1.263586680459741807e+01 1.844913465240988759e-01 1.475249374904568711e+01 8.144844158745740970e-01 3.167589823829090878e-02
1.286672071980822807e+01 1.090781440465080854e+00 1.302671325303709260e+01 7.781754045147531995e-01 6.380730600233388561e-01
1.251729140953553809e+01 4.101618309883806601e-01 1.259175087340515731e+01 8.924892702993131977e+00 7.219988010115245824e-01
1.291008925783317274e+01 2.150267233461374161e+00 1.278713886203361838e+01 2.209597937668215550e+00 1.177116062834022925e+00
1.280256175567437715e+01 7.906570776542125589e-01 1.334482293802566666e+01 1.812967709259824201e+00 1.882013218944679434e+00
