1.270404489100866208e+01 1.533093828374694878e+00 1.272530912592129759e+01 1.840130100097252530e+00 1.685482750259935436e+00
1.278125871578010475e+01 1.028930121009722143e+00 1.271060035697757229e+01 1.366987311290931428e+00 1.641212640098100417e+00
1.281394296556677581e+01 1.818783065106791774e+00 1.286239966587898742e+01 8.444119549351734033e-01 1.815559127527323957e+00
1.267717860756790671e+01 2.314105630980507200e-01 1.263043613613897698e+01 6.101905653800675289e+00 1.998542131376322528e+00
1.310084317751072014e+01 1.086228044450539887e+00 1.261462650658203799e+01 1.118954896212653732e-01 7.610742462623371063e-01
1.272841004206514093e+01 1.953178190974277917e-02 1.292433346783874093e+01 5.385148464094483001e-02 6.220054284446926429e-01
1.263982216761492161e+01 9.377588487555280627e-01 1.282468212081594316e+01 1.222913146229835518e-01 8.139261808943755172e-01
1.274923596518462965e+01 8.350019102164464302e-01 1.260728213362443562e+01 1.444812937311242551e-01 6.931201794626136170e-01
1.263708071512233211e+01 1.393114462009498622e+00 1.289068646612078162e+01 4.844857992538391667e-01 1.356225195400762029e+00
1.250818849781730080e+01 1.359097862290552072e+00 1.262585732351372414e+01 1.425514744617475182e+00 8.236105829107432941e-01
