1.256740774353056089e+01 2.551071181198473425e+00 1.291610954093887464e+01 1.074575978536360221e+00 1.339754296511145748e+00
1.319148276738430425e+01 9.940470512255754620e-01 1.271250344300756296e+01 1.445540612893063681e+00 1.972428734330740507e+00
1.251538586760520033e+01 2.183894140675993190e-01 1.290458018378711458e+01 4.217539920123174885e-02 9.001497330854246748e-01
1.291894980286055805e+01 5.601613484004164950e-03 1.267484281854008898e+01 1.861158180029875986e-01 4.570927278871975696e-01
1.273090247880141490e+01 1.139350619690628758e-01 1.262622621502475262e+01 1.325392009743975308e+00 8.142294738462679815e-01
1.272025369666312677e+01 1.289593145688184395e+00 1.268776463221267292e+01 5.320496416338922785e+00 1.991230809292032111e+00
1.264380737733115900e+01 3.117015610052129015e-01 1.292452738224366549e+01 6.745047126806401616e-01 8.125054396332318518e-01
1.265383436600490619e+01 2.845145079825667001e+00 1.253589878528390855e+01 8.033236090046909084e-01 5.287287884354839873e-01
1.360685180724664889e+01 2.035810332044785120e+00 1.264028193710809056e+01 3.583171485509470955e-01 1.570475334371943754e+00
1.316069766693886578e+01 2.833709924262897584e+00 1.267709814651120581e+01 5.408815718463253486e-01 1.207450273300578303e+00
