1.270648359180725961e+01 2.046218971198291658e+00 1.258404501119353291e+01 7.050393620414233453e+00 1.905452145430082567e+00
1.263322686498971947e+01 3.258298297870021454e-01 1.251572272742492942e+01 6.390638876035230620e-01 8.915393244902694025e-01
1.298956296420026923e+01 1.199901888703498898e+00 1.284138312798102532e+01 9.884632245053206479e-01 1.914448244127006982e+00
1.251697085587124825e+01 2.709360928217098285e-01 1.260142840460037306e+01 6.239023578860712682e+00 1.647484103406491762e+00
1.285575800079910813e+01 7.146112555793179277e-01 1.253985309888895827e+01 4.819916107964511198e+00 1.836260804950296643e+00
1.263373376505905377e+01 9.285320951598521888e-02 1.273471477937343188e+01 3.588044211424266106e+00 1.826442070999276357e+00
1.274345856060479498e+01 1.420586760527112746e+00 1.289871831473985608e+01 8.431602171907486287e-01 1.732818518407692743e+00
1.255365588829866574e+01 2.838681167197778521e+00 1.255378953310337131e+01 9.790679348192623976e+00 1.861004311663113198e+00
1.266201384383095174e+01 1.349430139277780105e+00 1.253616299770554932e+01 5.226456838109685421e+00 1.721944115963959465e+00
1.306795186091636651e+01 2.669565357672688766e+00 1.287122303693392844e+01 6.816509709791430671e-01 1.943629142818375843e+00
