1.304305933461312605e+01 2.607093227239950295e+00 1.322658546089375164e+01 5.024296620112308709e+00 1.672861386589226118e+00
1.277971747995513141e+01 6.129732710124238260e-01 1.343187797724171340e+01 5.540461225095839604e-01 2.501849046487373274e-01
1.255068601877224133e+01 1.041638250229501406e+00 1.278339835395614443e+01 9.212753699419346631e+00 9.672207534834662557e-01
1.261323885211174911e+01 7.044015769779776726e-01 1.294749297176876723e+01 3.055718631315529787e+00 5.971629598646869264e-01
1.265925504293232784e+01 8.733292514840517162e-01 1.337129076870619571e+01 9.884597998860577661e+00 1.752636159073085897e+00
1.264859420027646841e+01 1.953350028049691600e+00 1.338011192892276924e+01 5.325687534548165791e-01 1.206606702763231453e+00
1.302190424371240951e+01 2.778905163554573843e+00 1.273226784354347174e+01 3.660352762205815846e+00 1.045204619265936996e+00
1.261368752526792569e+01 2.431597104180331037e+00 1.315918323400838830e+01 2.974246110607428495e+00 1.336289972989951114e+00
1.311279331361188483e+01 6.364963947846448145e-01 1.327165902861644753e+01 5.413799635552916101e+00 1.960724831303410687e+00
1.303854610056438190e+01 7.997209999504139022e-01 1.336657780929342643e+01 2.149835549517711830e-02 2.814208378844334502e-01
