1.263812385477162969e+01 2.026252139310635414e+00 1.285052330648824537e+01 5.041247409785459155e+00 1.670478294833736888e+00
1.250500747518640310e+01 2.598138585319461846e+00 1.279787821756743860e+01 6.415605374869436384e-01 1.047496375754217279e+00
1.254029070711224492e+01 5.559769184735539188e-02 1.313028812085852159e+01 3.927529906396451498e+00 1.836376465921714773e+00
1.288244853939281676e+01 2.562337122018723878e+00 1.290959652463511809e+01 5.043287593254551782e-01 1.406945495267391877e+00
1.253537865445177069e+01 2.201924930574882533e-01 1.307407298226119607e+01 3.223653520572317688e-01 1.019128985677231425e+00
1.265665869378831943e+01 2.175835364692666918e+00 1.292831361999519046e+01 1.477173083528686703e+00 1.404393145081309635e+00
1.269845207423261790e+01 1.324609698782918343e+00 1.251134198240075612e+01 4.594018280843738644e+00 1.326847393641385153e+00
1.254351136966194424e+01 7.731084783551086526e-01 1.290271426560006951e+01 4.776891798510277454e+00 1.581350197205334318e+00
1.272302900343337306e+01 2.831117429649634865e+00 1.302409567533592849e+01 5.650559753067534441e-01 1.452616531341983430e+00
1.264020138555799555e+01 2.857334045841222636e+00 1.286779610769314353e+01 6.249294357307486614e+00 1.713068206713828534e+00
