1.263529725333884279e+01 2.436320167079568222e+00 1.285924788067333679e+01 2.271200255119102618e+00 8.602174896593436371e-01
1.259807886592906279e+01 3.658925475113032899e-01 1.296725830488815490e+01 6.736598820934172949e+00 7.803764552512166830e-01
1.261896771431771569e+01 1.205121272838570290e+00 1.324276241335582327e+01 4.606877566866682372e+00 1.076316237648427654e+00
1.274182292169654218e+01 1.492319596658241654e+00 1.307747715821206036e+01 8.838010260824519904e+00 1.514957775060926659e+00
1.278416409366706397e+01 1.054695588610257362e+00 1.277696343731477313e+01 1.747771019694748684e+00 4.920917006318524523e-02
1.272002113158148617e+01 2.728273289011152958e+00 1.259998876718013960e+01 3.657466571307907088e+00 6.773130363699426670e-01
1.329912790347714413e+01 1.810195624040165541e+00 1.295512842288298216e+01 2.043752013223376351e-01 8.454678113186576971e-02
1.266916769388417130e+01 1.984329448238950855e+00 1.252998504835914950e+01 9.694918196707543956e+00 1.077592633793882815e+00
1.257714180163085160e+01 5.762435836547974422e-01 1.432509719038128893e+01 2.346986213092571827e+00 3.463737295684154449e-01
1.289903119458313796e+01 2.119588937886577984e+00 1.330848144594646776e+01 4.432512268029950020e-01 8.949576237999482542e-01
