1.302410418765929201e+01 3.461266128788345608e-01 1.273962918913335685e+01 1.174086047391860316e-01 6.576339377471844827e-01
1.290325775531528407e+01 4.674070135627363815e-02 1.251425267883051973e+01 8.737225554821963058e+00 1.871449669502686763e+00
1.255046161027354756e+01 1.714130445184705254e+00 1.272243696651821310e+01 9.821494433490456366e-01 7.783612961114442230e-01
1.251386715382991888e+01 2.719528000827537095e+00 1.291771217831091434e+01 3.492547806912173591e+00 1.757810086990599929e+00
1.274000699306623119e+01 2.758769484348091439e-01 1.273506773356839616e+01 3.849328529698235746e-02 3.638394820256360407e-01
1.254919727884696812e+01 2.877011646791309274e-01 1.285860585490238428e+01 1.206475653853036567e+00 9.236680124907021838e-01
1.259181917400646178e+01 4.552821681731657882e-02 1.270078241046984502e+01 1.219048586175017101e+00 6.932964747235166314e-01
1.261381266952715130e+01 2.244173593128306443e+00 1.266024856389994646e+01 8.605252339391222804e+00 1.669772365525036717e+00
1.275730519939393481e+01 1.461656846554592049e-01 1.280283839858275563e+01 4.985534593279313142e+00 1.679107021049240256e+00
1.252456561784122080e+01 1.949561612134069311e+00 1.306207868452569265e+01 8.628882490953294904e-02 1.399611246146229782e+00
