1.262054395009947605e+01 2.701380523992436888e+00 1.459558425979110652e+01 1.946720421716428839e-01 1.799296205968525103e-02
1.253940588564643299e+01 4.659506977615447965e-01 1.316971838831397079e+01 1.012867409498745763e+00 6.604812400740074363e-01
1.266769918279225315e+01 2.108728512688809342e+00 1.308410384912003543e+01 1.063205083028607056e+00 1.125367628398869502e-01
1.309108903928338741e+01 1.751359736831305192e+00 1.309630663632320946e+01 4.989210850199208735e+00 1.825907679419733087e+00
1.311367643181867493e+01 2.280699616495870163e+00 1.264759334887333253e+01 2.158764459888240950e+00 9.856262400817046299e-01
1.272760486259537771e+01 2.308398700321438124e+00 1.256840048370787066e+01 2.029491422769307718e+00 6.563213199631515726e-01
1.262735716456024626e+01 1.777483008675655729e-01 1.288191302297943253e+01 3.196075018584282112e+00 8.422100319696937953e-01
1.273609501407104361e+01 2.605436462157622923e+00 1.340006119512032079e+01 1.444860784140587384e+00 1.791333208111099529e+00
1.251757850329743960e+01 6.385616590508449431e-01 1.312765267059620555e+01 3.420468731978803412e+00 1.480899893850408988e+00
1.277180249140594448e+01 8.302979608644951437e-01 1.386511906003412875e+01 8.360632503300799989e-01 1.727131641876793744e-01
