1.260124325558456349e+01 6.265762102827874269e-01 1.376525189127332638e+01 1.188935084063485359e+00 1.202290746118312159e-01
1.288155716929194838e+01 8.123299238389413146e-01 1.272446635903067325e+01 5.890881225139919408e+00 1.095399192576532954e+00
1.261763470325448999e+01 1.868843887736842513e+00 1.341007770713770597e+01 5.744699565759136206e+00 1.905334254952579798e+00
1.276645298575238030e+01 1.335199301350067591e+00 1.275309338371101120e+01 1.503502636391771841e+00 8.145180610809248378e-01
1.297323278501963273e+01 5.207976306874502193e-01 1.290907617960941067e+01 5.718175131650343523e+00 1.387112221902208953e+00
1.278809588512148565e+01 1.632137298697128980e+00 1.303366970058350915e+01 8.139242273977179920e+00 1.486958424696931180e+00
1.261186944982311076e+01 2.075075910085704578e+00 1.285622559860554404e+01 7.712781691005964335e-01 2.948189107692542610e-01
1.262276314956605106e+01 3.247540930913090929e-01 1.318021744340378021e+01 9.497244952949333019e-01 6.912849311567749178e-01
1.268242232063905917e+01 1.156449865831753882e-01 1.347722944723677152e+01 1.911746722757493577e+00 1.851724808313348625e+00
1.259448755106889806e+01 1.747080351315649649e+00 1.311603468108541293e+01 1.398540856076500249e+00 1.083924469597631557e+00
