1.254813600333691248e+01 2.131401127451360900e+00 1.347821583903625431e+01 3.134497356055754996e-02 2.420855290691656114e-01
1.286704618409389766e+01 1.161768853114158562e+00 1.323585988306594530e+01 1.821185562949494408e-01 1.857766677695620094e+00
1.261301176816414582e+01 2.361878534925610396e+00 1.274436853532986014e+01 1.131266970744899680e+00 2.031368297401546230e-01
1.388517559555844194e+01 2.742605598208042839e+00 1.276532160453753661e+01 7.555555022991040648e-01 1.818226191734648722e+00
1.289033509550023204e+01 1.788741545095135388e+00 1.326305309496575546e+01 5.012167751838629559e-02 1.630905460138797780e+00
1.259750591968935929e+01 1.603669477497892792e+00 1.275506193980452707e+01 5.718868938642506450e+00 1.232318499250886434e+00
1.365066591507194182e+01 2.613634927896321791e+00 1.321007332470859197e+01 1.300670057044307770e-01 1.937990454652425143e+00
1.259851925282216278e+01 2.509398028954965110e+00 1.310161531950473446e+01 1.387165045077573211e+00 1.239907535148641271e+00
1.255629196473299025e+01 9.492749499367145738e-01 1.292669394776045877e+01 3.928163599613563761e+00 1.383935832080424477e+00
1.284478201435959299e+01 4.329880541558384643e-01 1.304918495391413380e+01 1.176482960606788142e+00 1.355186994551280666e+00
