1.250497467347384628e+01 1.726260293784273481e+00 1.366014926494442783e+01 7.483491156703209191e-01 1.357669633702434375e-01
1.275720190676075916e+01 2.041546626316367519e+00 1.435769843945175062e+01 6.284603845941121314e-01 5.656405414109143270e-02
1.254584214469125669e+01 1.214294388495207322e+00 1.276863742439251581e+01 6.804954905785275621e+00 1.156305473253209204e+00
1.271574312567956255e+01 8.421912634755236438e-01 1.312409781321793112e+01 5.178832272101492329e+00 1.590373671642705267e+00
1.288383318781417763e+01 1.653221682326375008e+00 1.303710071481337707e+01 6.760549327908564887e-01 9.231073181976476860e-01
1.280116732329424956e+01 6.429981902456448628e-01 1.458486621062055377e+01 1.046263471298239933e+00 8.644853919010454801e-02
1.330556351253176217e+01 2.289821237646970875e+00 1.254217199661010085e+01 5.554665797614534384e+00 1.679640485145646789e+00
1.259481010093142217e+01 5.748180572158936852e-02 1.338299880712028411e+01 2.359712339804161729e+00 4.985840623322502219e-01
1.264002256439907512e+01 1.108721687660180866e+00 1.342554697299924804e+01 2.123827241729640214e+00 1.948295294404318811e+00
1.251325160543240145e+01 1.037698924401228240e+00 1.278804994867790157e+01 5.378931270772108419e+00 9.487980502081485579e-01
