1.267290555171679856e+01 1.783883176947494542e+00 1.254228054581919238e+01 2.425444682926643836e+00 9.314464485493859636e-01
1.255890641331177093e+01 2.023412667641570462e+00 1.262138023780637219e+01 1.516559347792410195e+00 7.963974707738752379e-01
1.316653241858805501e+01 1.744984551572808185e+00 1.264835408127812322e+01 1.101402673097425511e-01 1.008440199620399408e-01
1.250628154730849850e+01 2.394547138669298914e+00 1.327793368795604323e+01 4.755252455757756458e+00 1.837563579538746827e+00
1.268869913245999825e+01 9.345388711839984763e-01 1.317912184038721612e+01 2.072696245912368507e-01 2.158930117008903971e-01
1.266867050948575546e+01 2.831632473277701512e-01 1.252059190288647272e+01 2.171576386562618310e+00 7.622439043923721069e-01
1.257007836361268005e+01 2.923758184144313876e-01 1.337590734852658869e+01 1.588187726689768431e-01 4.150087184868694878e-01
1.260209125698119159e+01 2.542771060245048731e-01 1.285626892573198710e+01 6.277946776890956926e-01 4.902724862026809904e-01
1.257627165756411891e+01 2.863717436872065036e+00 1.302159508240849917e+01 4.388909628513098515e-01 9.320760731851113201e-01
1.315980597619740067e+01 2.164704725254033235e+00 1.335248046250930898e+01 8.652391444480194149e-01 1.902639190382809931e+00
