1.256865371078225735e+01 3.938476275989448716e-01 1.268732201318668373e+01 2.482099372786915836e+00 1.684917122002831946e-01
1.265181153407021064e+01 2.183175192931385844e+00 1.322547186304304034e+01 2.254072695819782646e-01 1.455420754733919075e+00
1.293261948852764220e+01 7.387334673091616732e-01 1.283843209270419905e+01 8.640017135621270938e+00 1.942103799989085999e+00
1.271203640261909307e+01 6.255167693387470550e-03 1.278013570631043905e+01 4.766045293038262187e+00 1.229835301495865840e+00
1.260419324247498629e+01 1.727349477850411930e+00 1.252265253130066824e+01 4.330281611058245161e+00 1.025517272356665899e+00
1.276016631729645212e+01 2.509492988735472885e+00 1.287895488582556780e+01 6.175283256681148636e+00 1.608981494578221927e+00
1.251574439453563059e+01 2.776063447012426799e-01 1.269094909599773402e+01 2.860371671286724649e+00 2.498095419593386879e-01
1.300108241957091337e+01 2.053388332613318212e+00 1.254836626384882692e+01 4.026769321136853264e-01 3.059010307681996887e-01
1.262764076924505829e+01 2.331310947478828499e+00 1.293389940679529815e+01 7.953243337619479547e+00 1.560686304635278354e+00
1.258674611515587216e+01 1.240275448389239976e+00 1.326164198368790892e+01 3.680334474353399443e-01 1.454208581707834069e+00
