1.271049471857828017e+01 2.516677664846501461e+00 1.288669933849151228e+01 3.101016762788213033e+00 1.739770596847923345e+00
1.261887223528778357e+01 2.955878364507440015e+00 1.331344622548152223e+01 5.273914426263680566e-01 1.708855494067101632e-01
1.260994104763623014e+01 1.293432847200045588e+00 1.323912851522588596e+01 3.138726145693621766e-02 1.763772508733170596e+00
1.255290284778978283e+01 6.441574698108704089e-01 1.253116164280580591e+01 2.361954771353134586e+00 4.423284488603790865e-01
1.336172874422957157e+01 2.406184338084182528e+00 1.273857170949591655e+01 7.057966329670095629e-01 1.481324435334942846e+00
1.276562148099776373e+01 1.450907365201765886e+00 1.277711498122417133e+01 2.446910287414576501e-01 2.854299898616678433e-01
1.256494328631514890e+01 1.196645940183244661e-01 1.318754789204939648e+01 1.415901046376688344e+00 1.169044380384771875e+00
1.271659278728298048e+01 2.403606809178724379e+00 1.279172225451569211e+01 6.469459226281243147e+00 1.822771752015247770e+00
1.256586045650671579e+01 1.051253609498303820e+00 1.301326602768489060e+01 3.196527124852277080e+00 1.651856292191344000e+00
1.269630424169224447e+01 2.427658524932135187e+00 1.256426089230787646e+01 2.009686963847485242e+00 9.609916519303822735e-01
