1.338772357510223898e+01 1.648761207082579228e+00 1.291577981680626763e+01 3.357362242578247447e+00 1.977005563125079801e+00
1.304871019507920415e+01 1.165586903001772257e+00 1.279225526864596318e+01 4.982429347781758722e+00 1.733830750851109714e+00
1.252704706281307168e+01 1.692547439446694169e+00 1.298569193090175133e+01 1.589336621781420655e+00 1.691144606883455026e+00
1.290258209596588657e+01 3.702356031784500567e-01 1.255838896424417683e+01 4.779094109963573089e+00 1.440369038732258744e+00
1.261465187487067396e+01 1.269352404965368608e+00 1.268401692285732985e+01 8.518180136358136423e+00 1.507707330837944060e+00
1.265451306147676114e+01 1.064103313906687200e-02 1.259664308406343558e+01 6.367564185342305949e-01 1.017122227132860379e+00
1.310807507072084732e+01 1.411487194389074773e+00 1.253245913715976556e+01 9.488076511676166724e-01 1.255527287054949204e+00
1.270612772246219002e+01 9.436249436323248529e-01 1.272133940761309567e+01 1.552080794943303754e+00 1.374665839543400381e+00
1.356897665190241398e+01 2.031773053165682796e+00 1.267096052028799846e+01 5.665922519188940853e+00 1.935876709946181551e+00
1.277651084164189754e+01 4.475346714829931405e-01 1.297864560363032993e+01 5.996768765800712053e+00 1.912989490227845479e+00
