1.316496689283948385e+01 2.318429281555745902e+00 1.333151569740493692e+01 2.357850813301994197e+00 1.651956541494201236e+00
1.255421658155310638e+01 1.798838430748922690e+00 1.261724030443582123e+01 3.519382472308759002e+00 7.492065538025649563e-01
1.264806802926104545e+01 1.841987422119907514e+00 1.352962353722188382e+01 5.088024250287704886e-01 1.929260849355846519e+00
1.360283421644226109e+01 2.943857593966433761e+00 1.319429147972826399e+01 3.381816675132991890e+00 1.711547703311535606e+00
1.283370913333416574e+01 5.770350737946549069e-01 1.317831338789558870e+01 2.478507676742739640e+00 1.452541342881256359e+00
1.351773696934190561e+01 8.756015873013583972e-01 1.260607891419050297e+01 2.337137715533601057e+00 1.158085920956778425e+00
1.357076318704215723e+01 1.499794604893448957e+00 1.271744151847945048e+01 9.957884910290897285e-01 1.128232031215338882e+00
1.325706576908338086e+01 1.042322746786828319e-01 1.303121243691886910e+01 3.218265300508657556e-01 1.223990355807959007e+00
1.258254295020184443e+01 1.047752807654433127e+00 1.350608070397799310e+01 1.021275084319847259e+00 1.917838233906922651e+00
1.301059817316093614e+01 1.938014959164985118e+00 1.501712739671703289e+01 3.783566395829559420e-02 2.068583518942592164e-03
