1.271851899546077824e+01 1.989392389765931357e+00 1.298100117731061509e+01 1.674406420370821102e+00 1.440716401655840473e+00
1.253131993439125935e+01 1.474779469235142360e+00 1.254403779383227757e+01 9.749858350167562193e+00 1.267999407852557603e+00
1.256283099634821632e+01 1.891164389934341938e-01 1.252716125307601835e+01 7.583775780837608949e+00 7.190192689609449239e-01
1.254306676939033238e+01 2.213291250386689502e+00 1.277464354464658136e+01 1.834862841110987963e+00 9.469055376784231079e-03
1.258356161791690653e+01 1.485767182018238541e+00 1.325182182155462307e+01 1.135877833100397805e+00 7.553148902411660481e-01
1.252735467357640076e+01 1.482940056860878819e+00 1.447856134062303290e+01 1.035103627359879708e+00 9.363223519073121670e-02
1.278405592415524339e+01 1.175628730632024777e+00 1.323705936608183720e+01 3.258457688448990641e+00 1.981835706125633534e+00
1.287672851440498967e+01 3.684960167232116390e-01 1.290065199961047071e+01 3.323355808051733362e-01 5.397959393312711240e-01
1.269846676461717117e+01 6.023100486360691841e-01 1.279625693478996773e+01 8.840216479931706672e+00 1.383661359061244323e+00
1.283023124798733505e+01 6.785903932144815576e-01 1.309214722730456337e+01 4.275858912863241379e+00 1.848623921154700200e+00
