1.272888299094435460e+01 1.471008068847435402e+00 1.278526537532235707e+01 3.924696775075234179e+00 1.917054226076910783e+00
1.268835846466595996e+01 4.501557909868889595e-01 1.255515052370266638e+01 7.837727151191219654e+00 1.762919372499533788e+00
1.261377192219294052e+01 2.048033055478641451e+00 1.266938882565405500e+01 3.877562117729727587e-01 1.070963614965213528e+00
1.296273565107282444e+01 2.374659819953356177e+00 1.262462422659443639e+01 5.177925850304019306e+00 1.980713667286108537e+00
1.276046522942634276e+01 2.361038951204818215e+00 1.261768365655552948e+01 3.648711800786060000e-02 5.191604138314119821e-01
1.278474255166483786e+01 8.516139039601170468e-01 1.281773819849910545e+01 1.496122410587827078e-01 1.334869786340819875e+00
1.269845047301160079e+01 5.646098963359913459e-01 1.266856868903859379e+01 5.534745197568918584e+00 1.831391038804553784e+00
1.254364270383897839e+01 5.911912093851933170e-01 1.285881379454464657e+01 6.257569061606438332e-01 1.338715614798309694e+00
1.254651040022359787e+01 9.026678319588908594e-02 1.276145458664759502e+01 4.926679435091904091e-01 8.923955611122311171e-02
1.253550577181446357e+01 4.833966470949693228e-01 1.276522754724583741e+01 3.701085559538472847e+00 1.762635480856440617e+00
