1.280689298731092229e+01 2.380272141554468313e+00 1.283768659522690747e+01 1.813488089969272465e+00 4.860946828166642919e-01
1.265996140928313096e+01 1.535680132732483383e+00 1.402398457188562730e+01 1.830803421340334858e-01 6.058767545840436364e-02
1.298981258317557064e+01 6.955450733737870150e-01 1.311601822548516161e+01 2.173518844583339327e+00 1.362682510608551167e+00
1.256788298922041136e+01 2.624876845479885423e-01 1.420405835923907389e+01 3.136742778980897040e+00 6.494565849877402819e-01
1.285335594738819331e+01 2.919583456601436144e-01 1.303732053874362151e+01 3.923302540957419815e+00 1.509304843313769462e+00
1.265642198137353347e+01 3.393117139888275902e-01 1.284334777081309120e+01 6.036092970904967991e+00 2.766136342360023259e-01
1.280386636669940437e+01 2.525305718696642110e+00 1.498252300464818809e+01 7.913411507264453970e-01 3.864692596729878138e-02
1.268951771749015123e+01 1.102916239750447724e+00 1.325537769117412701e+01 3.379113030290418873e+00 9.024497723249791381e-01
1.258070245549212451e+01 1.179133851539624134e+00 1.335559947656094515e+01 8.205973275910585785e-02 6.711160405141810559e-01
1.289755649002246685e+01 2.366779043147803741e+00 1.281248879095970139e+01 4.751784515384077423e+00 1.147074816825422561e+00
