1.292160666463846397e+01 1.199605260910928894e+00 1.328924568938089124e+01 2.948243786498939478e+00 1.734303969112328980e+00
1.343607010505385269e+01 2.644883136696525305e+00 1.276564832287661133e+01 1.183543878953033368e-01 6.382122084009327345e-01
1.279032553602356259e+01 1.783164725466677147e+00 1.305636010612469988e+01 1.780521903596603561e+00 1.207785963585857658e+00
1.353981150829908842e+01 2.071741452771302505e+00 1.253439630153065742e+01 6.680236460562396061e+00 1.480628218171691435e+00
1.264775158826971690e+01 1.168153325022025513e+00 1.257462397680210664e+01 2.824779150413765816e+00 7.206732727896445478e-01
1.340188446403732492e+01 2.730293529441594647e+00 1.272930143277750581e+01 5.374731993169139521e+00 1.424476724032674557e+00
1.376805665781443189e+01 2.853095629516843257e+00 1.251567503118109137e+01 2.794996581096568455e+00 1.343509579344499105e+00
1.285991951970875924e+01 2.768540531823035611e+00 1.322836078710974483e+01 8.549130148408616847e-01 1.546280264149807238e+00
1.255343231817587402e+01 4.101551063370445505e-01 1.265869794793809611e+01 9.987124432130242369e+00 9.657711838634736035e-01
1.339600226118663073e+01 2.824838007966976150e+00 1.259878634308423173e+01 5.793232254071866372e+00 1.357841391140547138e+00
