1.275034331971609802e+01 2.540582751786725435e+00 1.319092657619955489e+01 3.867524206872218762e-01 1.507003713696138947e+00
1.333741686576092178e+01 2.743855383603244213e+00 1.270610242803288337e+01 1.405304354854230997e-02 3.586033851456628119e-01
1.257068361735176154e+01 1.408286173191722890e+00 1.306832021379299924e+01 7.911534984387167402e-01 6.219970899933110475e-01
1.376617252939981206e+01 2.036802443790835859e+00 1.300175557829291861e+01 4.824658495007203007e-01 1.890196320564620391e+00
1.292939756311390553e+01 9.911341120261117910e-01 1.290719649592104012e+01 2.935695881122877715e+00 1.718676941891819965e+00
1.276534048809001121e+01 2.532550881216129923e+00 1.360382020554571270e+01 9.010368595425794977e-04 1.058235924892696883e-01
1.282116759004332707e+01 1.570398604828627809e+00 1.261204584148707930e+01 2.850723406542354343e+00 1.242331801803122637e+00
1.261638894194022775e+01 1.735662363512499251e+00 1.265587962271508182e+01 6.538566914846994038e+00 1.209090480792157640e+00
1.273561453733689852e+01 6.920826903184924828e-02 1.299268133482619803e+01 3.333790393044387956e-01 1.691232088897479668e-01
1.264854400584128236e+01 1.167941736818162851e-01 1.282918451953819350e+01 4.534660118112038951e+00 1.383307134180433939e+00
