1.271196695666425391e+01 1.771073137622872551e+00 1.285156339565916639e+01 1.319899219151019265e+00 3.025533773767581369e-01
1.264364045724935615e+01 5.308237961334788535e-01 1.335401023534167386e+01 7.254261569385707098e-01 4.898460591642044282e-01
1.274462265262474325e+01 4.183180845898713529e-01 1.297892625538546874e+01 1.069789195152781813e+00 9.567597091223207784e-01
1.266576043517345873e+01 2.255390118007172706e+00 1.303659310694753515e+01 7.055184757064342449e+00 1.864968971295916988e+00
1.261405816316437090e+01 1.695816544179945318e+00 1.302036846643423473e+01 1.942651074682522294e+00 3.874914972732776408e-02
1.259716025774116055e+01 2.424091088693850704e+00 1.283262636559486403e+01 7.668893587470092754e+00 1.690589698625811765e+00
1.258651307909452832e+01 2.310812165294835741e-01 1.347355852221624239e+01 1.082002530207885505e+00 7.892732422471744336e-01
1.271060991875072155e+01 1.527401213079552234e+00 1.283322837245990300e+01 7.844361186485821591e+00 1.601026810822409052e+00
1.261741811564134075e+01 2.025093855798842934e+00 1.271988877093943415e+01 3.001148732074176539e+00 6.020676872907507748e-01
1.268188413530644532e+01 1.353967285125520670e+00 1.294355947811168228e+01 1.864558670694783427e+00 5.894189846695834234e-01
