1.253341305074317091e+01 4.943631654428767286e-01 1.268785299769943897e+01 8.806126580034797868e+00 1.288353433061373066e+00
1.253174351695741962e+01 1.398084398551387109e+00 1.265932161583018356e+01 6.638816552370281343e+00 1.172656336001483002e+00
1.250408078731898343e+01 2.200804885158861968e+00 1.297066084783412343e+01 8.138887205535993985e+00 1.346155541013488222e+00
1.333373702504759351e+01 1.875828230513928663e+00 1.321320496992080251e+01 1.071628533616839629e+00 1.979714748389798551e+00
1.262510644475251276e+01 4.036014468952808243e-01 1.316883966109691428e+01 8.839425102095519904e+00 1.856431154316648513e+00
1.283276595009739651e+01 8.907662349128823154e-01 1.271102993373951406e+01 1.269234392651112708e+00 7.872396539432937601e-01
1.287174446278497797e+01 2.839179948193091718e+00 1.272430844320544807e+01 8.522093083573773598e+00 1.541458670405477127e+00
1.299692138766561200e+01 4.647069881537669311e-01 1.319591515945516491e+01 8.873628796991021861e-02 5.257802958433117624e-01
1.305713405532645233e+01 5.889723924237559860e-01 1.306334053809252360e+01 3.103534794546338182e-01 9.783546859498067905e-01
1.253204861323250618e+01 1.554729006105294076e+00 1.282015076328692516e+01 2.029753170438581389e+00 1.258548789194849638e-01
