1.282372343972186357e+01 9.064211438816031086e-01 1.266499210047027724e+01 1.676031782561162586e+00 1.631713551861976974e+00
1.276468614245363931e+01 9.524010135838661961e-01 1.255186832819285137e+01 4.077928028047947073e+00 1.751537884006296286e+00
1.253641156514972366e+01 6.739750241228631422e-01 1.262539135277036273e+01 5.386945327655931592e+00 1.728159473383909406e+00
1.261700820041497018e+01 7.753204188579206069e-02 1.256168208636107053e+01 6.961449226937071799e+00 1.679877420954485556e+00
1.328308960336163302e+01 1.434514423330321309e+00 1.262152573461551874e+01 1.777108796585060269e+00 1.938545742625299217e+00
1.266572297483805087e+01 7.097732876400084656e-01 1.281623371834178293e+01 2.101232418051652395e+00 1.903675420079692815e+00
1.315515295737939461e+01 2.547280663473245887e+00 1.261672124564238828e+01 2.468650122877625641e+00 1.933800680074229561e+00
1.265148402744179279e+01 3.857221222279864220e-02 1.280339667737061404e+01 7.603867835161063835e-03 8.282913874057515891e-01
1.273054277195721262e+01 2.057737226222260407e+00 1.269005547464873729e+01 6.358894949241645778e-01 1.383926799055362533e+00
1.294777311689254340e+01 1.611712617958498850e+00 1.251984419855007680e+01 1.813389113334389791e+00 1.522570397084428873e+00
