1.287099127426374068e+01 1.883514551274373616e+00 1.287508305318893598e+01 2.552190258471890516e+00 1.143717821457499229e+00
1.264206441207933374e+01 2.048320419014474147e+00 1.273065426523702648e+01 6.355755612271247301e+00 8.940649201584960348e-01
1.252330537891159778e+01 1.014065237466872160e+00 1.331356060523827090e+01 1.599316440951946416e-02 3.897995935335226148e-01
1.263140551164475411e+01 3.775642060578979775e-01 1.276275439437806725e+01 5.803880996493408162e+00 1.119578092304004624e+00
1.285576127179012218e+01 5.310608656168203101e-02 1.287983938880872614e+01 8.672033078212979973e+00 1.324103920221710640e+00
1.420777484025542492e+01 2.200658116619689686e+00 1.282134234333011769e+01 2.600686465795020830e+00 1.881955489158922523e+00
1.313753784240582334e+01 1.720722725400624986e+00 1.285872151161707677e+01 2.242509469320977111e-01 4.353911826882139180e-01
1.282873437331558542e+01 1.695229561700722254e+00 1.328056738644434631e+01 2.442618237812707038e-01 1.170743027678381593e-01
1.279948422940497466e+01 8.818176383845357513e-01 1.303830601925796628e+01 5.776151821993473767e+00 1.419081101954228208e+00
1.351737422740534100e+01 5.191491863322019729e-01 1.250906347782591865e+01 7.881050410550406227e+00 1.469199310644774936e+00
