1.291605738857620267e+01 3.215115775818370158e-01 1.371078237430552349e+01 2.097763391318470394e-01 1.033121752534294224e-01
1.269301180755212499e+01 2.692153618967271900e+00 1.349594587140653701e+01 4.385691178510391808e+00 1.859048291357086047e+00
1.263238776730519497e+01 5.347219545686454634e-01 1.337712194535474453e+01 2.526336580662457809e+00 1.024078970203845973e+00
1.325799245139595151e+01 2.250248562988257373e+00 1.318776265776974377e+01 2.794822778287676002e+00 1.704904543850194854e+00
1.265965359086326281e+01 1.089850882678273125e+00 1.312481595029106174e+01 1.303170561808435712e+00 3.958792686357983509e-02
1.271140017846877868e+01 1.745875204392423274e+00 1.318140024306885749e+01 4.142805388435587766e+00 1.162939943792108854e+00
1.262132198906478031e+01 2.796365791836688874e+00 1.316320089644498204e+01 6.095099727058044259e-01 9.515073711845000171e-01
1.258603165624823816e+01 1.302251874627795125e+00 1.271917797867930133e+01 5.945963834020256300e+00 5.876895677282470976e-01
1.257367815062420568e+01 4.527628139886408221e-01 1.346348284525054240e+01 6.176287797788075629e-02 1.730706008300766152e+00
1.364737024512690056e+01 2.985773794763640243e+00 1.293792121819042329e+01 3.446833446721334404e+00 1.761810289943094965e+00
