1.251908981397859399e+01 1.133968585893113445e+00 1.254391712754799570e+01 8.924811711070564257e+00 1.292643314422047496e+00
1.290998238379133589e+01 2.328833483606592480e+00 1.303515572999790173e+01 4.182904136460430244e+00 1.933392771561124102e+00
1.341759046361331187e+01 1.321776550413604090e+00 1.250759780937575272e+01 8.555707499495782131e-02 5.467877728469016096e-01
1.282301620261539554e+01 7.574419130426907065e-01 1.304769576692934585e+01 4.477489710123267130e+00 1.952222163877970207e+00
1.265742542088901779e+01 2.358384315550898780e+00 1.298240122915450456e+01 3.674179762137940175e-01 3.305140974608822280e-01
1.265225255288237349e+01 6.949122228689600389e-01 1.285921678785163813e+01 3.638436006051155580e+00 1.361979232189871158e+00
1.268350588506167043e+01 5.412998353189958367e-01 1.275923230474148795e+01 7.389350181451447952e+00 1.464469547844154285e+00
1.255933534794367112e+01 3.814432123283593157e-01 1.310120881375385871e+01 4.049148202964213822e-02 2.162514966077394019e-01
1.276439864827148973e+01 8.891185246248224650e-02 1.250852029369115392e+01 5.258743264811640117e+00 1.237902849358814450e+00
1.297192853428019887e+01 3.163432284511082937e-01 1.275235301071608518e+01 7.321375596390379492e+00 1.730830070185964686e+00
