1.263821627363513755e+01 7.025707744613189643e-02 1.371039371615813351e+01 1.708586192854709473e+00 1.026441626595368944e-01
1.262371443317962694e+01 1.350618474229703159e+00 1.271932044951866203e+01 3.373135947950687274e+00 7.927640342624736602e-01
1.280428588248963528e+01 2.885546116186514798e+00 1.311048929745370017e+01 8.603920642783739581e+00 1.451997186126606554e+00
1.255233116427372231e+01 1.772405741967058024e-01 1.274341540617681545e+01 2.934171186693860456e+00 3.999680884900533306e-01
1.277272317411030045e+01 2.140479642974082164e-01 1.256149030189390103e+01 1.710396908036305730e+00 4.767461448725809348e-01
1.325042485354899569e+01 2.003063921613201792e+00 1.271106413342938524e+01 2.738800853294759641e+00 1.134666190931105101e+00
1.260200984408063185e+01 2.704936288072912642e+00 1.312332378853317039e+01 7.739992882129513418e+00 1.386502202421447283e+00
1.279634953766788996e+01 3.026816010507493715e-01 1.276614505918184861e+01 5.954482746250953085e-01 3.045817516403974690e-01
1.310331990079998299e+01 2.778357490466836222e+00 1.282328919980603210e+01 2.484527758734957903e-01 3.867859764803996403e-01
1.295748090917223116e+01 1.346716447799623850e+00 1.300262321603404736e+01 8.705110803535113462e+00 1.465533490273302153e+00
