1.261306467198497216e+01 7.497925273705752236e-01 1.336214382273562151e+01 2.910729893527482126e+00 1.703218733705630650e-01
1.265094717244557643e+01 4.789427091596991648e-01 1.312278603732714899e+01 3.147214998387129370e+00 2.786771428061889377e-01
1.261263148012273838e+01 2.393939266598655580e-01 1.355553491436098490e+01 6.221031482916460575e+00 1.503466672956427219e+00
1.336761625867556447e+01 1.952335124357269303e+00 1.348703626388830301e+01 5.000576428266220175e-01 1.717675373105278736e+00
1.390719880086079030e+01 2.330127088347440534e+00 1.306300379460085992e+01 1.723459242855633622e-01 1.150487865693018641e+00
1.263465161401368775e+01 2.643162029682236902e+00 1.272779368194768779e+01 1.423101270813904362e+00 4.289326635026773360e-01
1.275648619659350302e+01 1.252968997885734737e-01 1.344818642433936517e+01 8.581137935764858726e-01 3.317409515220905436e-01
1.272964281389385022e+01 1.568239527859038862e+00 1.261066992973286638e+01 8.525072058265894981e+00 9.189109735971056070e-01
1.257729929923781498e+01 7.621692982134902206e-01 1.368216525399330941e+01 8.028394343323498106e+00 1.879685306918329246e+00
1.270607277595855322e+01 2.071907395205143179e-02 1.525614592684374138e+01 4.492651733137065229e-02 1.048832768562820705e-01
