1.266021285098094751e+01 2.698293223044156419e-01 1.343770395900951620e+01 7.297468606275793190e-01 1.649349713439910881e+00
1.256065137118715924e+01 1.479435547880726620e+00 1.284877004798575406e+01 3.873180936058997048e+00 5.693333803554498918e-01
1.316325441553643216e+01 8.770485278293677078e-01 1.254763917265992745e+01 1.056793839241541022e+00 6.088621222340194761e-01
1.274546502517106106e+01 2.331084364086214666e+00 1.354956049428264997e+01 3.865193835363479602e-01 1.131323587658684682e+00
1.254535626290191175e+01 4.254398356236834822e-01 1.275899361202660209e+01 8.921650387929847881e+00 9.776103748962241546e-01
1.251252177890399331e+01 6.769616797573301259e-01 1.340693353647506214e+01 9.157770325261218147e+00 1.542842842794221125e+00
1.317704732084469832e+01 2.487833618630883592e+00 1.341649490878191209e+01 3.012439070229206539e+00 1.868745240795925522e+00
1.274551589931208717e+01 1.848298946526631958e+00 1.344397287005415720e+01 9.154493784387518929e+00 1.995118699171228194e+00
1.305211743714371053e+01 1.222376324868499786e+00 1.345478418494038664e+01 1.063162066748557288e+00 1.835693909813626679e+00
1.265625472261620743e+01 7.393578929367083941e-01 1.257694807112008917e+01 6.796925086288276852e+00 7.311413670543789323e-01
