1.288873366098401974e+01 1.559625708996640991e+00 1.258746907221421374e+01 2.397757180159295842e+00 1.006451950136882045e+00
1.255631213798065282e+01 2.692869043845823041e-01 1.306799959725556803e+01 4.807841404377199424e-01 1.181515860040639465e+00
1.305031739756782372e+01 1.648163255206746891e+00 1.328953962118125887e+01 6.731620337828434941e+00 1.848443398578859753e+00
1.290604217557065603e+01 1.330489542073532983e+00 1.284509173658210202e+01 1.632474555601202582e+00 1.222503273570298088e+00
1.289690942206850544e+01 1.559896538280761247e+00 1.307671751839143148e+01 4.169567455387501731e+00 1.482249166363301729e+00
1.254995802949894745e+01 5.905680851216209559e-01 1.316959132156485168e+01 8.408396818145396523e+00 1.607275697980268259e+00
1.320807695069262699e+01 2.635118971443200842e+00 1.294853918259368442e+01 7.705989561006015620e+00 1.561735943815980354e+00
1.260975300814035904e+01 2.037940194663253324e-01 1.288555071134794261e+01 2.187260941720173157e+00 1.176330505900914591e+00
1.251830089114256772e+01 2.971435212202359732e+00 1.317609760603711777e+01 4.942913521865377469e+00 1.525371734942487345e+00
1.265681514997945989e+01 2.364982285218605540e+00 1.259106898766645166e+01 9.041411960944271797e+00 1.050038323724914680e+00
