1.268122588172946230e+01 5.469469378565294804e-01 1.259764798479968739e+01 5.069921589810963525e+00 1.614111674456416123e+00
1.253619755507705769e+01 1.422357616665220759e+00 1.269543738810547140e+01 3.092943457909066218e+00 1.387854166453298843e+00
1.317277246326393936e+01 2.354288700591316896e+00 1.267654729549564507e+01 3.143328927417912144e+00 1.875470860049155863e+00
1.265930082222042863e+01 2.284993395512536996e+00 1.261997396693611151e+01 1.398280829799110947e+00 1.178940173557278204e+00
1.259677785931807037e+01 2.934691509436107015e+00 1.258022448275139382e+01 9.133657702266326339e+00 1.717878644812896205e+00
1.256452219318259544e+01 1.606697523232162028e-01 1.281367512329056702e+01 3.547999399846847979e+00 1.665825944465067376e+00
1.253870048853288388e+01 2.519325054999006497e-01 1.289166127473971635e+01 2.329512711475338005e+00 1.597860676177088601e+00
1.252055445468552008e+01 2.628702775634209399e+00 1.274586255424576287e+01 5.444241921115969829e-01 9.065496759699657181e-01
1.253038999401035447e+01 2.935701206545374919e+00 1.261156870165573451e+01 9.936372350545006338e-01 1.101559541432878930e+00
1.274396567774704359e+01 2.617732520079495639e+00 1.256211459262634378e+01 1.473244256943061714e+00 1.279391517507753484e+00
