1.275242092447587794e+01 1.548785633911577087e+00 1.254046993618134032e+01 2.021149678316986442e+00 1.449818773372448799e+00
1.310899465273076459e+01 2.893153153345670248e+00 1.271927770122852408e+01 2.441675776740097614e+00 1.875254382381902563e+00
1.257311577330869667e+01 2.852541518828480616e+00 1.287749461733998757e+01 5.540422781118872209e-01 1.728328521200082513e+00
1.252355864676594166e+01 1.522407680804551910e+00 1.259099461408246157e+01 7.209810020359190830e+00 1.594343256205517978e+00
1.368917284124498046e+01 1.391163751907038115e+00 1.273313070101103150e+01 5.782055562013645178e-02 1.546433174224827178e+00
1.340572535648847285e+01 1.903216078771462705e+00 1.285130999749228664e+01 5.242038872036376418e-01 1.938202716598605102e+00
1.293600523370727018e+01 2.007414759382672997e+00 1.252033057948361083e+01 7.535210822960238808e-01 1.285269655556217527e+00
1.284129560262099723e+01 1.053325080410851156e+00 1.284052612785926506e+01 3.906856107709982595e+00 1.972179684471229377e+00
1.309408407499145532e+01 2.449475332305604436e+00 1.266540616216666493e+01 3.863372686380860621e+00 1.916915776419483519e+00
1.313175218465461036e+01 2.229982138293729044e+00 1.260333346304221003e+01 1.299689148682071638e+00 1.632418318852023820e+00
