1.256056722992585861e+01 2.229487345160517275e+00 1.265717558881114613e+01 1.775835306204538444e+00 1.129167296891135486e+00
1.311232878242628708e+01 7.223533111418982688e-01 1.272903778474224623e+01 1.757897221184236525e+00 1.982848629015897979e+00
1.263146141520830668e+01 1.827588397287690514e+00 1.268253700794469019e+01 3.063891793423665355e+00 1.460050894509977271e+00
1.276532816720251695e+01 1.659972538746038673e+00 1.268770134911940062e+01 4.810320161826780350e+00 1.977607945972615244e+00
1.357828761029842823e+01 1.309833931431256593e+00 1.279683379586184877e+01 3.032381747054239268e-02 9.981524543080102507e-01
1.290643033392217554e+01 9.925828975079342698e-02 1.262340758499219362e+01 2.735929891543100290e+00 1.702977462007680076e+00
1.378397680525693580e+01 2.340818387187827643e+00 1.268306032780854053e+01 3.008743493671935942e-01 1.797648901803730048e+00
1.277852368708821551e+01 7.009812696671037235e-01 1.287742850671728867e+01 7.426820638919009454e-01 1.250447895030191381e+00
1.265447558483643498e+01 2.993586653791422858e+00 1.255764278548003254e+01 3.821277164232803614e+00 1.551861536393774221e+00
1.255680691532228188e+01 1.665659634646636356e+00 1.259545850061737937e+01 5.701931195759620152e+00 1.673882252001889448e+00
