1.250806407006186838e+01 3.054147593474418887e-01 1.298728096337814364e+01 4.640737897048729188e+00 1.398626333837787117e+00
1.282655887849965026e+01 2.324892142147356733e+00 1.280319102323432645e+01 5.121542744875871023e+00 1.304423628576039773e+00
1.277469804266335096e+01 7.418969079111966680e-01 1.320200288706190150e+01 2.856900587059384433e-01 1.456196525019505028e+00
1.263217195954298511e+01 1.277014819675201585e+00 1.335349663204434023e+01 6.529612333710494099e+00 1.956995752142904887e+00
1.302437085939195072e+01 2.123826140618129354e+00 1.309020847377752084e+01 7.767547327978643779e+00 1.816671083110406482e+00
1.284408324125395140e+01 2.715006882248794273e+00 1.265573247683835945e+01 3.301851928399138991e+00 1.210781357742729991e+00
1.284029147455247077e+01 4.960987027058043619e-01 1.269389110441879254e+01 6.121080583550351228e+00 1.286392152876439043e+00
1.309351237174354665e+01 1.478677809808996990e+00 1.298767048213507636e+01 8.937804939310726837e+00 1.788393602098069524e+00
1.381122547770545950e+01 2.390829772023068234e+00 1.258067654751012654e+01 6.335256839643432780e-01 1.255660870568196419e+00
1.285054333935094917e+01 2.394698767904164693e+00 1.299361095509886255e+01 7.273333299340580815e+00 1.613674847211592267e+00
