1.250194767619110259e+01 4.556718281657266834e-02 1.365116436712349390e+01 8.516225088683816447e-01 1.083037859185726814e+00
1.268103438299815089e+01 5.090234165395814969e-01 1.250450508524982318e+01 2.975327091258767709e+00 3.019778437726775566e-01
1.260185160520537195e+01 2.917036474690880343e+00 1.257828832796880114e+01 7.488462140042937421e+00 1.326568869093392777e+00
1.259244439747516964e+01 2.147806567258427890e+00 1.334487845810125606e+01 7.399152193444480385e-01 7.460851792118907699e-01
1.335922008002630612e+01 1.221840780139512361e+00 1.258931479681164589e+01 7.134804516417897480e-01 1.096183698771542980e+00
1.251848101965897264e+01 1.805486096336663238e+00 1.252522436622175661e+01 7.284793200133502289e+00 8.810268306513353576e-01
1.318736891856003624e+01 8.754240310588126128e-01 1.251397130394508572e+01 3.821843453521050371e+00 1.536238066169030247e+00
1.259022016559525348e+01 2.131919684024003170e-01 1.300297778957286354e+01 6.325024587726858272e+00 1.834226108440586200e+00
1.285765956472653393e+01 2.321122815209057499e+00 1.278643396044924430e+01 3.060088790327055719e+00 1.381201788899212080e+00
1.258767502594042931e+01 1.995200742728641341e+00 1.302080962873397318e+01 2.056282080767479314e+00 1.283091439734484140e+00
