1.261148156864993197e+01 2.674411882302540455e+00 1.306719561462634793e+01 2.574021341930801565e+00 9.251500932167280311e-01
1.250929641943541171e+01 4.656650081027450816e-01 1.388034341356017798e+01 1.607530469605602974e+00 7.751116164819991106e-01
1.398148620812045806e+01 2.327278519836650350e+00 1.267543993480708053e+01 8.203373126256864323e-01 1.357382344856608469e+00
1.250257652361046823e+01 2.737860249193905027e+00 1.292557300720801905e+01 9.211015681520914100e+00 1.097807922306668571e+00
1.286231978360286199e+01 8.204920033608560370e-01 1.267592314811062870e+01 7.404614587150954996e+00 1.142023297187712672e+00
1.255590054952101653e+01 2.261690785562471828e-01 1.274917175308760164e+01 4.244753958224944057e+00 1.785292857259108690e-01
1.256086112967406798e+01 1.555524412119564603e+00 1.299768890396050836e+01 6.192708270534053483e+00 4.200702322005413492e-01
1.254369948275560454e+01 7.406328566543178560e-02 1.270895241820919708e+01 7.020174237643007409e+00 7.495582953966187789e-01
1.271678836507714117e+01 2.018016239455597827e+00 1.351135241985133817e+01 3.085394157859427278e+00 1.813827897534111999e+00
1.276705987538093723e+01 1.059202557655576582e+00 1.433933022726195183e+01 5.216239496717324231e-01 3.578087140843808633e-01
