1.255413139563683700e+01 1.095330546986276410e+00 1.295987453762720953e+01 6.498138493860817766e-01 1.134353402524439058e+00
1.280006757997240108e+01 7.238536806480504460e-01 1.284004530109860553e+01 8.576942846857167346e-01 1.170303117841247520e+00
1.250561950607721151e+01 7.133769282553528712e-02 1.253946251969111536e+01 5.107653666345352006e-01 4.660421107257142204e-01
1.286834998059100066e+01 2.528944413418566795e-01 1.251949810454505396e+01 7.782993869679742938e-01 8.024865845345986459e-01
1.261321157938099446e+01 2.278413634462233411e-02 1.261883631565960684e+01 1.388341401174792766e+00 9.095519680852665045e-01
1.250536533518182303e+01 9.472728514878597794e-01 1.257861777479411458e+01 5.755331120223172725e+00 1.281370773092606719e+00
1.256591167882367976e+01 1.663086210536097731e+00 1.292121255887413511e+01 3.490554293867402791e+00 1.770431316045260939e+00
1.297190854934896365e+01 2.281452912907917074e+00 1.279650520824691817e+01 4.530635458838973006e-01 9.232078727086009406e-01
1.278208540296138018e+01 3.198282525207737231e-02 1.267792803327032125e+01 4.706459753384356404e+00 1.656510948296232133e+00
1.280349231603095994e+01 2.349837239758718332e-01 1.258320893586919809e+01 6.386876232320020996e+00 1.882289779132171770e+00
