1.268434620946291247e+01 3.569049643169562858e-01 1.340242241433906578e+01 2.279361746493072438e+00 1.609613914458358330e+00
1.270367926219036647e+01 6.927790827807233098e-01 1.316982849017345458e+01 8.885403084420751441e+00 1.594679589782504792e+00
1.280107794202322857e+01 2.824519103560106714e+00 1.308133189825808707e+01 3.391443901561963514e+00 1.367743900696021031e+00
1.260000545147606310e+01 6.732540007497624102e-02 1.265812367787912507e+01 7.202312311570207015e+00 7.892175027827649236e-01
1.260853234155918301e+01 1.145389914429153722e+00 1.253067014068979823e+01 1.589081640963494246e+00 5.761663041096528604e-01
1.250985904981421726e+01 7.703894696109082618e-01 1.452513240464340782e+01 1.468706840936701563e-01 1.813476449624544795e-01
1.266785704477651109e+01 1.601540443790568924e+00 1.301267843173838834e+01 3.937408826620861779e-01 2.002669725671622769e-01
1.280436347923954088e+01 1.210055795839996229e+00 1.291644372108786243e+01 4.269013061870924552e+00 1.258574238857024463e+00
1.428828035593262946e+01 1.558147597672032036e+00 1.295713116544477828e+01 1.597112141436196175e+00 1.938430371846298295e+00
1.272296524533894591e+01 2.785863289673272902e+00 1.324117549514666692e+01 6.770547560591202441e-01 1.256564688531983220e+00
