1.277151875262090819e+01 2.304299784514541205e+00 1.354087266840916293e+01 1.036535901101913293e+00 1.851058818040472342e+00
1.381513028956499767e+01 2.301150843143398017e+00 1.340479873490347096e+01 5.760309193263822847e-01 1.966258547509296184e+00
1.306909284709798591e+01 6.185365114901073547e-01 1.273874922269843779e+01 6.671733504602606502e+00 1.290248528730625122e+00
1.264106944169716762e+01 2.070848236049412261e+00 1.320950282815129206e+01 5.936384241446457821e+00 1.570382850605489100e+00
1.261550269106029099e+01 1.582976007024115228e+00 1.325292259299554942e+01 5.932305054821156887e+00 1.523688621697620649e+00
1.272195481387690918e+01 2.030601382178124137e+00 1.327870482736061319e+01 4.113457744870903099e-01 1.184740870530933465e+00
1.286688201493127082e+01 1.920597091012648194e+00 1.274804936363197605e+01 4.370682520679695315e+00 1.032766315865920381e+00
1.277629861511950971e+01 2.255982854650185221e+00 1.291142013213682382e+01 3.610578563220507409e+00 1.148609682717071756e+00
1.306732225841688155e+01 1.663092807940490525e+00 1.257667544684192507e+01 6.893198284576536494e+00 1.195719478368276079e+00
1.261813228833080203e+01 3.770654781863389537e-01 1.341463771125657622e+01 5.706677732619310106e+00 1.931340860333670584e+00
