1.253771211676757069e+01 2.973904660848877057e+00 1.259400925762322565e+01 6.528766274689815852e+00 1.859475872287118081e+00
1.257940924227215085e+01 3.503143193465785982e-02 1.268301088763233331e+01 1.443102265731095235e+00 1.076747881340202051e+00
1.258854139088659174e+01 1.594391635522452333e+00 1.266074436307740925e+01 5.542366956447034809e+00 1.863556503148497079e+00
1.287935832280755655e+01 3.163549712850763918e-01 1.291300284289943434e+01 7.429009203488737278e-02 1.135417829702035197e+00
1.292568936906261179e+01 2.231175027410367662e+00 1.269267742952624545e+01 1.764102814238250883e-01 7.714476864682243695e-01
1.270236729590785174e+01 2.404931633394406187e+00 1.269048156767187940e+01 3.042780003027459657e+00 1.761441137107941257e+00
1.255428672914221622e+01 3.337306777120094825e-01 1.284672466870983953e+01 6.445885176029785280e-01 1.374642384837484022e+00
1.259773306111763347e+01 1.016621589612505039e+00 1.263074738640818850e+01 3.253867755775294857e+00 1.645666278852220721e+00
1.269104025248545398e+01 2.666059422649047939e+00 1.285202434247482906e+01 7.690581161639632457e-01 1.450576549803987758e+00
1.277845667200933022e+01 1.156145004510553687e+00 1.264202356479462530e+01 1.089802400001307126e+00 1.049472925375528387e+00
