1.337089469450285861e+01 1.677673824656816137e+00 1.321565098535016425e+01 3.819326664870783539e-01 1.302986145458242984e+00
1.275203761223766463e+01 1.309758273860414102e-01 1.318387996584573507e+01 1.579777122615520779e-01 6.738205767790004241e-01
1.262142927421786354e+01 2.036617346207583168e+00 1.344809920902396705e+01 7.359779518221355232e+00 1.648919756844645201e+00
1.318051284705458315e+01 7.699660923085720199e-02 1.346420317455489446e+01 2.300116683211900881e+00 1.962613143083779432e+00
1.431811113009554504e+01 2.318679653611562141e+00 1.277028592870686730e+01 6.318578158417799406e-02 9.342047976780397667e-01
1.337116627250292211e+01 2.922881362098747049e-01 1.342693072453588243e+01 1.258717495875461223e+00 1.920903405869396341e+00
1.323132666506832678e+01 1.781524526741330217e+00 1.279736699150209844e+01 9.511454069045026216e+00 1.414848133431707344e+00
1.257344188532449891e+01 7.211955268856988788e-01 1.357220732019437115e+01 1.271402603682487475e+00 4.442196659360928696e-02
1.404955391725493996e+01 1.957714163763477622e+00 1.302921732058449855e+01 9.106357402893943132e-01 1.597950779207267580e+00
1.274754892088831504e+01 1.906403345304299446e+00 1.328695160026096467e+01 8.954712855270855698e+00 1.506110842100812253e+00
