1.257959995582255175e+01 3.190085885137743382e-01 1.365765229210313336e+01 6.215673930191862873e+00 1.704966151359823545e+00
1.260381866236646253e+01 2.884881331376414337e+00 1.394957142035514153e+01 1.117666568806436000e+00 9.631988391906100289e-02
1.337616464890163215e+01 2.749474679969832192e+00 1.276490594878658058e+01 4.529186360093736319e+00 1.272922974442015853e+00
1.279884040045801008e+01 2.862409748052729519e+00 1.319104557936490352e+01 9.622298642586597950e+00 1.492137937316862173e+00
1.289826895313838584e+01 2.741915875245841683e+00 1.306602387765734363e+01 2.759697278577159518e-01 7.814524795786592648e-01
1.282445246365490377e+01 2.691759288239144343e+00 1.257291202718784184e+01 3.739703492145371455e-01 6.888176130761897381e-04
1.250647978962653895e+01 1.195577649741724313e+00 1.289488878665202520e+01 5.314002839741788442e+00 8.285217171169412254e-01
1.250602487672933627e+01 2.096110599228937499e+00 1.330806881837166422e+01 9.775514834109124251e+00 1.512161381980818176e+00
1.256507953665796506e+01 8.482546461938761384e-02 1.367047201260410461e+01 9.012776288700753424e-01 8.479895596929971635e-01
1.395319117149820443e+01 2.983634423893373189e+00 1.264782785975095081e+01 9.552538870801702942e+00 1.969159257376424277e+00
