1.252027389050273598e+01 8.101188449859372254e-01 1.287477180300536794e+01 7.599536370666790663e-01 7.678984797367095494e-01
1.281029708324968119e+01 2.366990519088557843e+00 1.260687392963833986e+01 2.953385042649581571e+00 1.435509869169211639e+00
1.251884436635005571e+01 5.504413556246654515e-01 1.303644068037596782e+01 1.576090023853552458e+00 1.730225661207885457e+00
1.253584675640191470e+01 2.694623560219286951e-01 1.304683534147591395e+01 3.603403151123241166e+00 1.644858944040419768e+00
1.276011982515742460e+01 9.639702913909184434e-02 1.286084301903984439e+01 8.575026785499028081e-01 2.153984513008289914e-01
1.265284411635444961e+01 2.221696200007427180e+00 1.266045920407457004e+01 2.135811210836012108e+00 9.739038045492123263e-01
1.260093044700786891e+01 1.218552770705862764e+00 1.255615338448571272e+01 1.038292170843772233e+00 2.708686414289975808e-01
1.263545202214716312e+01 8.337615998599983147e-01 1.481280134158871498e+01 3.822160141694186941e-01 1.908038133715748638e-02
1.267952234043303683e+01 1.617207401249534771e+00 1.260012539188983816e+01 2.955992408689718687e+00 1.223055878301833932e+00
1.303031692362557514e+01 2.165850727443861423e+00 1.251706824848590038e+01 7.727500487604100243e+00 1.901669675247961377e+00
