1.275905705818407476e+01 3.089722736568142891e-01 1.256100806581635076e+01 1.256498619180274945e+00 1.146110663473450808e+00
1.279164935276149961e+01 2.486196446669145299e+00 1.251055607561541727e+01 8.063921146172035037e-01 7.949445924312336098e-01
1.279648913534789401e+01 1.315036864479263601e+00 1.283062502094815649e+01 9.039099294897061654e-01 1.631017078450213820e+00
1.265729411750429811e+01 1.475568234538189027e-01 1.286752896225937803e+01 2.835702338222376717e-01 1.196291329883654386e+00
1.262089308689205147e+01 3.157487069087819287e-01 1.354985783452505288e+01 9.044404597390538481e-01 2.622684121162721302e-02
1.278583601276814008e+01 5.858944364328753096e-01 1.276688566331872998e+01 6.771035864245948943e-01 1.081486725125095916e+00
1.260312394035729078e+01 2.087339659831535688e+00 1.269958011695324629e+01 3.817054415048475757e+00 1.819726602143501459e+00
1.254873680164197047e+01 9.606152531887101054e-01 1.296971746084869359e+01 1.421407510168692712e+00 1.788537521353142479e+00
1.294359066753094645e+01 9.949598151486646058e-01 1.260827622347020416e+01 7.637871029672091971e-01 1.205385809227040861e+00
1.279825291587583536e+01 6.988405873481492447e-01 1.271567352563224773e+01 6.872444931131792278e-02 6.150172843559058578e-01
