1.256905125184592542e+01 2.834061087693843239e-01 1.316321437120037885e+01 3.732628026351627604e+00 1.593426005111480581e+00
1.380897457132513395e+01 2.532601049921138880e+00 1.261883244306775786e+01 6.272029861594484723e-01 1.188695214561642510e+00
1.303136717977197812e+01 1.419933823816913243e+00 1.250208274168581823e+01 1.497587220482029524e-01 1.042543861288629803e-01
1.250931818600767365e+01 3.756432317139355437e-01 1.284530370303348690e+01 1.449624825550552831e+00 8.429910862397186344e-01
1.281347456560674836e+01 1.960977559696836181e+00 1.270464518024674838e+01 4.215201472325377452e+00 1.079236979421173581e+00
1.269804455810612609e+01 2.987088893578594195e+00 1.308638970994179829e+01 8.034739833380346141e+00 1.773867294764373881e+00
1.270359480360406224e+01 2.690064549649649805e+00 1.266828543552529318e+01 1.173753945469597992e+00 6.575041177934090042e-01
1.256481974263308388e+01 6.302429141279040081e-01 1.531888159309846742e+01 1.960748560151359232e+00 3.325064694381105884e-02
1.260645037544479052e+01 1.570223684033656975e-01 1.281263455189035660e+01 2.157374659369037939e-01 2.436128503038887672e-01
1.256975995718738304e+01 1.503854977602291809e+00 1.523960728579722002e+01 6.992022339470527204e-01 3.775821829812169711e-02
