1.309755432631167160e+01 1.551060608806122287e+00 1.310769643413861729e+01 7.845539505170172845e+00 1.658801571601507430e+00
1.267092157682369269e+01 6.867332074172957102e-01 1.346796415585982665e+01 5.432959457708337325e-01 1.875227076728105402e+00
1.272776292761230010e+01 2.689218993848850658e+00 1.308584301547583273e+01 5.974455024062918368e-02 5.275826553397989782e-01
1.370051375929109838e+01 2.907109485257784787e+00 1.284068974912229955e+01 9.257740872552904676e+00 1.805408151207948064e+00
1.286677898463641512e+01 1.177001938859501662e+00 1.337412993114682003e+01 8.401507282504422136e+00 1.973318678001012350e+00
1.275276105429158058e+01 1.794643019564858166e+00 1.272762730314618018e+01 6.158072035686197765e+00 1.164932262123478335e+00
1.306110550034615869e+01 1.018579028242692086e+00 1.319425095568691297e+01 3.020316247470276494e+00 1.627704441853720985e+00
1.340366538917994355e+01 1.731154752122481710e+00 1.312135652304757016e+01 1.557383675411146307e+00 1.512560004532201408e+00
1.261758783600738987e+01 2.904810168344485355e+00 1.253948400767888494e+01 8.783366005910608898e-01 4.687430806936524474e-01
1.263100146410720725e+01 3.329245320707209244e-01 1.280121135123502185e+01 8.903336019153934799e+00 1.237671394796788116e+00
