1.258595462969769230e+01 8.876942353032307720e-01 1.256123763268267091e+01 3.822567170141867976e+00 1.174435983295373687e+00
1.260736409257102864e+01 4.698628827736254787e-01 1.251269773819642950e+01 2.179258047881266425e+00 9.679166792173530265e-01
1.256846793437414789e+01 2.366011487393145263e+00 1.251317739684525954e+01 2.559232834307509474e+00 1.002299893981520862e+00
1.305269785382766656e+01 1.336623125019433589e+00 1.294079026088935969e+01 7.137765187017724777e+00 1.766579018128765499e+00
1.253281121343217741e+01 1.556398880681263197e+00 1.288374488773089510e+01 4.798847861636961198e+00 1.397258946868675800e+00
1.250811387934720109e+01 5.056229601889866698e-01 1.299523991668721479e+01 5.296740110445243843e+00 1.604432272174463936e+00
1.260091961277098171e+01 8.106463709587264921e-01 1.316920736589463026e+01 2.296491740775577828e+00 1.738413484712826529e+00
1.254117513958682295e+01 9.630703192348941677e-01 1.261387712961730045e+01 9.323629039851939027e+00 1.259230568617350166e+00
1.330061759873744442e+01 7.246251989078744682e-02 1.269088984937594944e+01 2.811372417047528494e-01 1.175455657125250353e+00
1.303899349774983030e+01 2.241683899221865950e+00 1.301069858532075685e+01 8.921072236246313736e+00 1.882387197034490534e+00
