1.255031201983133471e+01 9.513988653259848327e-01 1.318965651130969263e+01 6.461757967090619559e+00 1.353973831319203125e+00
1.272925438062554271e+01 4.400994995196003123e-01 1.352983969403986464e+01 6.098642856619841623e+00 1.873097416751047017e+00
1.263657413592178891e+01 1.131986891032147891e-01 1.284568953784024536e+01 7.650536613945215336e+00 1.153041958604801520e+00
1.256749507166103541e+01 1.315778515447799224e+00 1.300208325142054555e+01 5.868264830980739477e-01 8.870786023903696194e-01
1.251786319097516120e+01 1.436602930468600325e+00 1.260487165935208687e+01 4.008514779512817761e+00 6.537805342153265586e-01
1.259664850675335934e+01 2.277319063729002391e+00 1.350122954860058577e+01 1.629005511833160114e+00 1.850755317387462462e+00
1.267435147650867222e+01 1.297426760471538598e+00 1.325273229693827659e+01 2.862565211348725436e-01 1.228520226877194865e+00
1.276899018111080331e+01 6.058476520694509038e-01 1.255311783789474767e+01 6.302008399612713418e+00 9.482572644703226583e-01
1.268459113582608211e+01 8.318519399728777630e-01 1.321383147280140591e+01 6.334254933454523950e+00 1.386386540092481523e+00
1.289044035594083759e+01 2.240923787949099744e+00 1.279475533453004843e+01 8.837137010568349438e-02 2.845322960713224658e-01
