1.355228701298895722e+01 1.682634807580410286e+00 1.303237179675137192e+01 1.652861328348341763e+00 1.890518003460162744e+00
1.307208951985949419e+01 9.770730380830725537e-01 1.303137250361838895e+01 5.488914728289899791e+00 1.956793257545841325e+00
1.308592790938259398e+01 2.793214328521080869e+00 1.318006996935390873e+01 1.132050301985954910e+00 1.714819969105994879e+00
1.270515635170934132e+01 7.356076255684507181e-01 1.460515645342391267e+01 5.803864548611603613e-01 1.638731216663491252e-01
1.279026112295346174e+01 8.462740679435528657e-01 1.303878218458775606e+01 3.989660258546207094e-01 1.230556320530961090e-01
1.264114717430388879e+01 2.991338025693123459e+00 1.253220808089750626e+01 8.904688910872245344e+00 1.111145133712134747e+00
1.282800416087487427e+01 2.552355094880956354e+00 1.285780189889514524e+01 2.132695175284486488e+00 1.095257940958911380e+00
1.252083707236190513e+01 1.938549654846910775e+00 1.262499931007370968e+01 8.872927177490155248e-01 2.114789940832703108e-01
1.287352058566413326e+01 2.055736083929536218e+00 1.409096513497292236e+01 5.301019958722453795e-01 7.475812456892330649e-02
1.268272625049684166e+01 2.129561172451441831e+00 1.260352757556992387e+01 5.644427545145743963e+00 8.977779594486241521e-01
