1.252761570117938383e+01 1.378831629982682827e+00 1.312304633649806540e+01 5.615637044107182341e-01 4.921541624153977224e-01
1.280591380497674336e+01 1.467546655951265322e+00 1.315798770806698315e+01 6.693464763299190601e+00 1.944668077998169986e+00
1.296420524225443849e+01 1.773120783733171280e+00 1.326445679190479510e+01 2.398000626475737196e+00 1.961682695434995516e+00
1.319798244770507445e+01 2.758013164857590294e+00 1.320192406781776384e+01 1.894785017400043348e+00 1.884208440662511252e+00
1.324300213477145860e+01 2.112885891330623878e+00 1.278556962137156994e+01 1.735121828244479136e+00 1.350498392344065435e+00
1.292517358330622379e+01 2.029766240753891449e+00 1.261343093230906298e+01 4.506052687840952919e-01 6.650633779017204317e-01
1.264176345228062637e+01 5.787205388508691595e-01 1.285960183703343596e+01 9.118164998961976409e+00 1.470337138300086055e+00
1.263672629280580928e+01 5.324263337429736564e-01 1.389128543429288243e+01 5.243286380681226877e-01 1.083762433680639792e-01
1.257878078242741715e+01 1.640815273425533460e+00 1.331342673581110780e+01 1.693128467814422056e+00 1.788910824922849585e+00
1.330055940301653905e+01 2.703152514855414523e+00 1.302157062495744455e+01 2.673627672456004412e+00 1.783280221580221037e+00
