1.265293004841585400e+01 1.165458213973714408e+00 1.282653678476006398e+01 1.675522924108195921e+00 1.094346064785936434e+00
1.276528093226485971e+01 6.866366365156991725e-01 1.258127125947721936e+01 9.491157572031164946e+00 1.168324693920731905e+00
1.282946478178711303e+01 2.048215063804188496e+00 1.256536338853568679e+01 1.309135457816996695e+00 9.190067164608320960e-01
1.275096940827877923e+01 3.640989056378927113e-01 1.349857279773784136e+01 7.812681175693109381e+00 1.993478586910083949e+00
1.298567009074456102e+01 3.261714311413899670e-01 1.310771719190414686e+01 2.402353479380500367e+00 1.509167335308466029e+00
1.253601271443719511e+01 1.064188571720441567e+00 1.290236513166123444e+01 5.312401326846543981e+00 1.233929783961885462e+00
1.334853211774088599e+01 2.114227543488513383e+00 1.288994355720042506e+01 3.167549207350774054e+00 1.439328588761056515e+00
1.265927953707902098e+01 2.860930185384058522e+00 1.345553327517364828e+01 3.387904703241042537e+00 1.901343504355396785e+00
1.282896619787824299e+01 2.020059462636452530e+00 1.276959161512324847e+01 1.034333439259311760e+00 1.055496798931421454e+00
1.258783950415253372e+01 1.701846591092873506e+00 1.290631049802511221e+01 4.463362293618795107e+00 1.328017463102285411e+00
