1.342462940168892338e+01 1.673869596689399053e+00 1.269790457029350073e+01 7.902267332328246852e+00 1.771921192277527757e+00
1.276455275696205049e+01 2.454383811667034454e+00 1.253481527593238631e+01 1.687565143301150261e+00 2.313991975978074156e-01
1.278530585768006134e+01 3.198452663591944134e-01 1.276041992591868457e+01 6.722311264403957765e+00 7.969106683331965701e-01
1.260545513909417359e+01 1.097575958203920621e+00 1.360453448197822723e+01 2.454390470053209761e+00 2.484852814874113913e-01
1.272090241497833496e+01 4.818386168144406789e-01 1.340083544053469744e+01 3.661059735548476968e-01 1.095528614508297194e+00
1.266244126585251806e+01 8.465753762413744110e-02 1.328668005092607451e+01 6.171419942439704265e+00 1.352323664963373195e+00
1.277628738744501469e+01 4.286529482354302090e-01 1.320340112505534513e+01 7.535481210854387157e+00 1.640584177383183517e+00
1.264148511625885973e+01 4.617379922875186060e-01 1.330255885768832691e+01 7.207333711440453428e+00 9.482242092541289802e-01
1.257853550844159507e+01 2.613483353577652046e+00 1.309282161438151881e+01 8.592758487197695416e+00 1.519952648601668344e+00
1.277554860883790866e+01 7.203159997905267398e-01 1.345768864322393910e+01 3.923905303428747882e+00 1.716501982126417802e+00
