1.292221611567633843e+01 2.151190246500808978e-01 1.315774738280713230e+01 2.994833084839066406e-01 1.129381570137473478e-01
1.257466986054206792e+01 2.971704940451178167e+00 1.429164564808317728e+01 2.841609692537775955e-01 2.236053434140989130e-02
1.277214691898789312e+01 2.711262104141794360e+00 1.267341880601701476e+01 9.572378037772834025e-01 6.601899007760515525e-01
1.275221579788237491e+01 9.327908614730575643e-01 1.258844193171043813e+01 9.792834204792029595e+00 1.401891039905786673e+00
1.259719220238745407e+01 1.073703056058663341e+00 1.358962187069969296e+01 2.092635981931090683e+00 5.127152976358391109e-03
1.269275970889893479e+01 2.388426905728614269e+00 1.255670379305314377e+01 2.761476216705716080e+00 7.921750262631624961e-01
1.260668090125770036e+01 6.465529100000808049e-02 1.300491215602895956e+01 4.156780124793658437e+00 1.505225113902866063e+00
1.348884686406883304e+01 2.183616833819752134e+00 1.250413538609970487e+01 3.476391710878388164e+00 1.767935596466443826e+00
1.296064750967319235e+01 1.970483010869162888e+00 1.255420502774891567e+01 2.514315685833017344e+00 1.104938796098819953e+00
1.255470400626574090e+01 1.188890348019849164e+00 1.282326576673321661e+01 1.750494339251573939e+00 1.843498397835324765e-01
