1.252872451250973462e+01 4.266981089953996165e-01 1.365181020316921767e+01 6.322789059313002724e+00 4.060808510595997206e-02
1.283969961527496118e+01 1.794290553672019728e+00 1.324381552914644544e+01 5.666191521275555365e-01 1.056070504211138461e+00
1.367537260222440487e+01 9.929191398950902858e-01 1.320733367862690599e+01 2.887863257590822741e+00 1.838764822787911202e+00
1.277222148423600956e+01 2.705805241652904147e+00 1.282344411711418886e+01 5.418262307837919955e+00 9.503632804682141666e-01
1.256497307346739412e+01 7.773709908254788914e-01 1.361151595660532188e+01 7.237742212779937567e+00 1.348078652985985837e+00
1.270854608843708178e+01 2.903290516272301058e-01 1.260266611274755277e+01 2.164785131421423259e+00 5.665917372156517029e-01
1.266672165321308441e+01 3.782644802924158278e-01 1.295080566484077700e+01 3.596213658964027005e+00 2.876425783598374197e-01
1.272049317046836947e+01 2.325772840692783283e-01 1.265018399727045484e+01 2.690453846973037244e+00 5.024195211376151216e-01
1.284884652914364089e+01 1.718883983367646362e+00 1.277957026208167512e+01 8.127402471161260245e-01 3.739237122546054115e-01
1.285691383513319153e+01 1.936378540670593118e+00 1.400652590572861200e+01 2.986363446924293896e-01 1.455926592361490857e-01
