1.265059129279569383e+01 1.556190016822577233e-03 1.303404906214247916e+01 5.566512296839261964e+00 1.423290230344681939e+00
1.287946808409848920e+01 1.807821901886557336e+00 1.271154380513259063e+01 3.337627349821353562e+00 1.195790112425685336e+00
1.487882315695089019e+01 2.766722867908824934e+00 1.258207486717205192e+01 4.390237569450423649e+00 1.902380710750249726e+00
1.314969035491472304e+01 2.226755542698055645e+00 1.302863539886823929e+01 2.706129446637687952e+00 1.486261917009872979e+00
1.273406691495910081e+01 1.920862153182604670e+00 1.279325171656704363e+01 9.475416343799063057e+00 1.317615625033542681e+00
1.396726069242311752e+01 6.583221540584307530e-01 1.273982664352286953e+01 5.643029833369158865e+00 1.596683761583919781e+00
1.394367003057787358e+01 9.538709114979556647e-01 1.301576326420743612e+01 1.000026455296418204e+00 1.554590490882007625e+00
1.250958551345357606e+01 2.845517985201461153e-01 1.286456347094711461e+01 4.469943544672864810e+00 1.263773371926763422e+00
1.312291731283888119e+01 2.400974832648015145e+00 1.278873422706719332e+01 7.619555164810023484e+00 1.350127536899819347e+00
1.277939912146081980e+01 9.396488753799198124e-01 1.275596611486615473e+01 8.745591694061502608e+00 1.289782966152797083e+00
