1.261453771920058031e+01 1.348139884455617832e+00 1.310903049026989287e+01 8.247983915609820027e-01 1.144233101750360693e-01
1.254352980858474176e+01 1.099174231562665138e+00 1.335904275281687070e+01 9.703758831394875273e-01 1.815468804650073043e-01
1.274549244039967810e+01 1.148857134770428640e-01 1.321320078911022655e+01 7.747425346062718488e-01 6.628364593009944405e-01
1.270077090917616935e+01 2.539407332974875864e+00 1.289892940877251171e+01 9.827506885381688262e-01 1.088941013246081280e+00
1.317003385580881236e+01 2.878180569071445039e+00 1.275329263254367262e+01 4.699289422169161123e-01 8.540619651044207838e-01
1.266771503802831411e+01 5.614760872254705992e-01 1.304329952003912574e+01 1.518222117029719875e+00 1.108838468441388336e+00
1.274509877326997120e+01 8.431887519911834827e-01 1.256163058496220586e+01 4.380633546366771824e+00 1.385386691343696519e+00
1.258271722516251145e+01 1.745801465466823910e+00 1.302380569072137106e+01 2.195940768231809059e+00 1.567538970542893040e+00
1.255764829192647269e+01 2.935817702763765080e+00 1.268971098079151538e+01 8.206456434143699630e-01 5.975781959919403974e-01
1.280567350932618886e+01 2.571822791777952588e+00 1.313926765736543167e+01 3.047552942740140436e-01 1.726372310716445257e+00
