1.291716187664091109e+01 2.616720266494159119e-01 1.400085319350884028e+01 4.814978104873318676e-01 6.970133845683775930e-04
1.250215750508860602e+01 2.300351543710836388e+00 1.305662178985522637e+01 5.458384827841747722e+00 1.950172493937240459e+00
1.393513600626878279e+01 2.111474659883944671e+00 1.275986958228197743e+01 3.995088075407944583e-02 7.936698277660475531e-01
1.261172020241884617e+01 9.262507738829734993e-01 1.311145993604977456e+01 3.383662172771643162e-01 1.446465050985252132e+00
1.265814425655126563e+01 3.760172912383984434e-01 1.459260180016682895e+01 1.183453016572131755e+00 3.826855917817412883e-02
1.254524823029287361e+01 8.167747018062702091e-01 1.318624458865963511e+01 1.046129322730764422e+00 4.104840099411345422e-01
1.269959945939089430e+01 1.686955398352329161e-01 1.293879637621314238e+01 1.678080544387497319e+00 7.415064370214665690e-01
1.265997397838838978e+01 1.144963828355773705e+00 1.306433975023385585e+01 1.033735274381165192e+00 1.488744220541234897e+00
1.290022209653658969e+01 5.762935609442703111e-01 1.273431610250237433e+01 7.917319159319199606e+00 1.967518094589060018e+00
1.296612923912765680e+01 2.207239152569023144e+00 1.266421966235095198e+01 1.322870122069954801e+00 1.217014043915173982e+00
