1.260189561298329686e+01 2.094499014497738010e+00 1.346969053193834220e+01 7.709371806970332086e-01 5.287732828467308632e-01
1.264261692733891707e+01 5.054290640879444130e-01 1.424675602036510824e+01 8.041063865256237175e-01 3.731448761447386242e-01
1.250345508181654175e+01 1.876082180402323107e+00 1.319289258029390055e+01 6.139640970169927492e+00 1.111614563421605473e+00
1.262606896325790551e+01 2.343065172333907764e+00 1.373178976629181669e+01 1.501682663851618083e+00 8.141397249214946119e-02
1.280911862834865111e+01 3.562312770651279714e-01 1.332116586302779027e+01 7.075335117795010786e-01 9.172831292559585625e-01
1.266768849688027565e+01 2.163520788589610166e+00 1.356488383177564927e+01 6.120520372438296164e-01 4.224514907781340978e-01
1.357002461443312491e+01 2.666042166055457407e+00 1.343884910339815875e+01 1.529197856602390937e+00 1.925962554853229758e+00
1.263816717581208238e+01 4.539035665009107934e-01 1.347237836759652652e+01 2.999968467004164863e-01 8.423209749331667107e-01
1.261903013519663119e+01 1.046944944171403380e+00 1.301814183765901589e+01 5.407566131903422502e+00 1.142803663650318935e+00
1.293800639601688296e+01 1.545739250501088735e+00 1.326583367629623744e+01 3.179075505621397291e+00 1.358118867731875179e+00
