1.270229430975281026e+01 2.743665854519746539e+00 1.309750000704433681e+01 1.971880936297475184e+00 1.104490586888704051e+00
1.258310264503884746e+01 2.953219687466599908e+00 1.268474054462570599e+01 2.675643465021352974e+00 7.737272605018011284e-02
1.323466797256619287e+01 9.711047682042482920e-01 1.337729831269528091e+01 1.001958909198253922e+00 1.782328689231826191e+00
1.257492919445477852e+01 2.430823341837383911e+00 1.352225915563892045e+01 3.119243298667514708e+00 2.292373020999854683e-01
1.259522452883206967e+01 7.192613479028424350e-02 1.362545860147747412e+01 8.090729827729479240e-01 9.922922030793046577e-01
1.277892238971504391e+01 2.004320920510673343e+00 1.318655542174601791e+01 1.144715216882910891e+00 5.575775486465583963e-01
1.275935417812267936e+01 5.422084590150835215e-01 1.295811270696714956e+01 4.896358479127908225e+00 4.404733526385920528e-01
1.272249428267722138e+01 2.966957555264103430e+00 1.324955036393526164e+01 5.663367862344904857e+00 1.858612279167204173e+00
1.314254030056307343e+01 1.058778128767237980e+00 1.291647673894653536e+01 1.077963068336810881e+00 1.047483994338639590e+00
1.287375932726370920e+01 1.983339766675888294e+00 1.350878994273280753e+01 1.798566599656410858e+00 1.783655421383508299e+00
