1.280721751793787533e+01 2.251988478523735626e+00 1.253921349595055723e+01 4.651652317706379769e+00 1.907569204966838461e+00
1.250106571812094103e+01 4.648098638112372893e-01 1.256802706434604389e+01 1.325681677695945471e+00 1.266234782650983215e+00
1.250248148422432415e+01 1.202505321127574245e+00 1.262906818210323046e+01 5.396823577262677141e+00 1.765789356376908037e+00
1.256454053988930397e+01 6.601929463917216578e-01 1.267633756647087218e+01 2.823021761181747191e+00 1.733357529072667269e+00
1.260984052136014277e+01 2.121569003036110068e+00 1.275243409388878391e+01 2.216054547666149510e+00 1.792561009755072599e+00
1.258583987597558185e+01 4.194242953018552655e-01 1.251587029128682182e+01 6.960470263218876852e+00 1.725487633999763126e+00
1.281176441286197765e+01 7.604416061221124234e-01 1.258822173010682199e+01 4.942856660271793601e+00 1.986080542972126883e+00
1.322665020603534636e+01 1.146329738276004484e+00 1.266524486797045235e+01 8.086075777364566397e-01 1.829896287223013118e+00
1.250174577691264233e+01 8.462080864426232418e-01 1.283630474881396388e+01 9.402131120575747403e-01 1.621400302849612007e+00
1.258490590117782304e+01 2.526637377130709350e+00 1.293582349303309975e+01 5.452493042066454132e-01 1.849326670987016863e+00
