1.250131534792610744e+01 2.104532784537180845e+00 1.346896413993829889e+01 8.142800301825043885e-01 1.667946337846285321e+00
1.262300977704638960e+01 2.085956575593492346e+00 1.304376317485860604e+01 5.169112002036893472e+00 1.179322237580957999e+00
1.303520607655100960e+01 2.239348929020400281e+00 1.358735917896305345e+01 8.220628577512409052e+00 1.968721718104439855e+00
1.253503075916581189e+01 2.717817720379400726e+00 1.356977549423806906e+01 2.715020275788563975e+00 1.755522689036467243e+00
1.332700503801957304e+01 2.658858940161579643e+00 1.268552505035684597e+01 3.199934259981265239e-01 5.938625542155590020e-01
1.264953296512672409e+01 1.488475758764630008e+00 1.395858154234135284e+01 5.040086530064702419e-01 1.087134655631477077e-02
1.257475743248790856e+01 5.650626733482639885e-01 1.272342669115129787e+01 9.798029691088823157e+00 7.604730283586537132e-01
1.267733699805195791e+01 1.365038883263278935e+00 1.254062105038201658e+01 3.262666225376591456e+00 7.245246084589449520e-01
1.258812496734084974e+01 7.055593942206375146e-01 1.267617951429683920e+01 9.794364580147055577e+00 8.291222293591031800e-01
1.267256107992390035e+01 2.147596959874174427e+00 1.335167334154412266e+01 4.299715976203671630e+00 1.594195551038183778e+00
