1.256099088355738580e+01 2.545218573515963367e+00 1.308236178179712539e+01 3.842903920121624850e+00 1.907758840573901438e+00
1.284358601479478068e+01 2.208713218268286038e+00 1.308967965837943126e+01 6.629353338734378376e-01 1.760247162564562373e+00
1.264199141423027761e+01 2.679321174011460194e+00 1.267345107543327387e+01 7.686185817918329555e-01 1.679681438029293206e-01
1.268339793529530191e+01 3.599948978097048391e-01 1.298898304170628570e+01 5.588287412375536611e+00 1.966663322734645725e+00
1.308953594278094457e+01 2.176505219806150748e+00 1.259839043037066197e+01 7.061326437586843419e+00 1.770400983367690362e+00
1.257919316094906392e+01 2.732342045220728988e+00 1.254767478150226978e+01 1.462284067306729440e+00 4.342011854060215947e-01
1.262354094569930751e+01 6.199283743010250980e-01 1.297231240149842435e+01 2.393954298370090328e+00 1.268208347837991523e+00
1.295115507532899457e+01 2.992358815732544919e+00 1.282511583275337763e+01 6.356241724806116267e+00 1.845886168765148660e+00
1.276099754435430178e+01 1.911485743340032517e+00 1.280726395481014102e+01 5.957192786813150787e-02 3.243324754429565693e-01
1.278367853590756376e+01 1.056365522682892966e+00 1.255222557110885795e+01 2.032525047465465029e+00 1.019182905704416831e+00
