1.263345257750131978e+01 1.072619468056789538e+00 1.258482100415059968e+01 8.870937938459665162e+00 8.677892253578803894e-01
1.289744463686890974e+01 2.241286306698892616e+00 1.317530362726759918e+01 3.369477272953847802e+00 1.842968375813568205e+00
1.266673859920195255e+01 1.991994307389881869e-01 1.256128546193472850e+01 4.556342573235653504e+00 4.924102722027036139e-01
1.259978474738007392e+01 1.084156923697009889e+00 1.336283828843234289e+01 2.106017547321397676e-01 1.764250948257092277e+00
1.251133937139983487e+01 6.524761173341317999e-01 1.494803621157339713e+01 4.019918027208562172e+00 8.307475764101193705e-03
1.257105796860488134e+01 2.931659142021100783e-01 1.313620928200723270e+01 8.853130080523462508e-01 6.828902643714936938e-01
1.263917287784183152e+01 2.365439743804617301e+00 1.448799859063104023e+01 1.322987721418690477e+00 4.229649324722700721e-02
1.268243279722976169e+01 8.470655997749543253e-01 1.310193838605531091e+01 8.967939780190897991e+00 1.612445846381861170e+00
1.286131631875049841e+01 7.479043434026789727e-01 1.300716768994750261e+01 6.268479171215217249e+00 1.598874527859833083e+00
1.294628766316353286e+01 4.279295609715352278e-01 1.291394764638377879e+01 2.701784131891894702e+00 1.129690198613067409e+00
