# Columns: s_perp_min(1) s_perp_max(2) pi_min(3) pi_max(4) xi(5)
1 6 0 1 8.813601203
6 11 0 1 1.781086336
11 16 0 1 0.7597204967
16 21 0 1 0.3836285047
21 26 0 1 0.1283430816
26 31 0 1 0.1014982729
31 36 0 1 0.06982887378
36 41 0 1 0.0001513405425
41 46 0 1 -0.01975907896
46 51 0 1 -0.03224289337
51 56 0 1 -0.03143664095
56 61 0 1 -0.07961659473
61 66 0 1 -0.05729106952
66 71 0 1 -0.05916244854
71 76 0 1 -0.05957123272
76 81 0 1 -0.06100608775
81 86 0 1 -0.06554777832
86 91 0 1 -0.03833915812
91 96 0 1 -0.08150916914
96 101 0 1 -0.08305058776
1 6 1 2 5.487293527
6 11 1 2 2.18671886
11 16 1 2 0.9069989246
16 21 1 2 0.5933736458
21 26 1 2 0.3294374687
26 31 1 2 0.1998213777
31 36 1 2 0.1465808323
36 41 1 2 0.1476490475
41 46 1 2 0.1080603483
46 51 1 2 0.1102054839
51 56 1 2 0.1116973548
56 61 1 2 0.06867033995
61 66 1 2 0.08438514414
66 71 1 2 0.09320889205
71 76 1 2 0.06792288132
76 81 1 2 0.07359106393
81 86 1 2 0.08439034032
86 91 1 2 0.07819983562
91 96 1 2 0.07455143341
96 101 1 2 0.03947074024
1 6 2 3 4.61196828
6 11 2 3 2.070789273
11 16 2 3 0.777347042
16 21 2 3 0.5305355654
21 26 2 3 0.2484097849
26 31 2 3 0.1685365628
31 36 2 3 0.08443503079
36 41 2 3 0.0865011768
41 46 2 3 0.06380380533
46 51 2 3 0.02793050254
51 56 2 3 0.02673903484
56 61 2 3 0.01162115872
61 66 2 3 0.0138600646
66 71 2 3 0.01004549415
71 76 2 3 0.02079905183
76 81 2 3 0.0006513021601
81 86 2 3 0.009785804666
86 91 2 3 0.00191567284
91 96 2 3 0.009167323484
96 101 2 3 -0.01184900759
1 6 3 4 4.250871541
6 11 3 4 1.877728602
11 16 3 4 0.9069433869
16 21 3 4 0.4775650112
21 26 3 4 0.3132669493
26 31 3 4 0.2034887208
31 36 3 4 0.08100884294
36 41 3 4 0.1049231209
41 46 3 4 0.05457184709
46 51 3 4 0.06024157618
51 56 3 4 0.04800321921
56 61 3 4 0.02564672508
61 66 3 4 0.02179735064
66 71 3 4 0.02191403761
71 76 3 4 0.02910265737
76 81 3 4 0.01657706647
81 86 3 4 0.02203726768
86 91 3 4 0.02172560035
91 96 3 4 0.008485371323
96 101 3 4 0.02066791471
1 6 4 5 3.5120627
6 11 4 5 1.689674995
11 16 4 5 0.8459931826
16 21 4 5 0.4601213303
21 26 4 5 0.3031721905
26 31 4 5 0.1935132099
31 36 4 5 0.1135575992
36 41 4 5 0.0978145908
41 46 4 5 0.05732510688
46 51 4 5 0.04446332575
51 56 4 5 0.05644757381
56 61 4 5 0.03576889963
61 66 4 5 0.02238423967
66 71 4 5 0.02801247661
71 76 4 5 0.01876704672
76 81 4 5 0.0422604435
81 86 4 5 0.02893267258
86 91 4 5 0.01461030734
91 96 4 5 0.01508414342
96 101 4 5 0.02829309781
1 6 5 6 2.782044114
6 11 5 6 1.389959925
11 16 5 6 0.7353087899
16 21 5 6 0.4038232045
21 26 5 6 0.2690905546
26 31 5 6 0.1697144169
31 36 5 6 0.09879611787
36 41 5 6 0.04328846897
41 46 5 6 0.04183228409
46 51 5 6 0.001428577599
51 56 5 6 0.01016457603
56 61 5 6 0.007498043512
61 66 5 6 -0.01121874802
66 71 5 6 0.0125340315
71 76 5 6 -0.02044364263
76 81 5 6 -0.01713041716
81 86 5 6 0.0214453404
86 91 5 6 0.004313856179
91 96 5 6 -0.01416083852
96 101 5 6 0.001855100245
1 6 6 7 2.543008672
6 11 6 7 1.386787256
11 16 6 7 0.788006318
16 21 6 7 0.4381655127
21 26 6 7 0.2765630801
26 31 6 7 0.1412634754
31 36 6 7 0.1508458897
36 41 6 7 0.08228453064
41 46 6 7 0.08284873973
46 51 6 7 0.04925375832
51 56 6 7 0.04053474534
56 61 6 7 0.01830579132
61 66 6 7 0.03443744013
66 71 6 7 0.04332409204
71 76 6 7 0.01854142859
76 81 6 7 0.03655703318
81 86 6 7 0.03147320625
86 91 6 7 0.04310306496
91 96 6 7 0.01190724565
96 101 6 7 0.01260180447
1 6 7 8 1.864822482
6 11 7 8 1.226600132
11 16 7 8 0.6964951883
16 21 7 8 0.3700409569
21 26 7 8 0.2731273627
26 31 7 8 0.1568771095
31 36 7 8 0.1439391602
36 41 7 8 0.06876905801
41 46 7 8 0.07185348547
46 51 7 8 0.04255363959
51 56 7 8 0.01680926808
56 61 7 8 0.009365936066
61 66 7 8 0.02258779283
66 71 7 8 0.008490817409
71 76 7 8 0.008485353258
76 81 7 8 0.01811485218
81 86 7 8 0.01147646869
86 91 7 8 0.004675672365
91 96 7 8 0.003539885843
96 101 7 8 -0.02797273838
1 6 8 9 1.86399522
6 11 8 9 1.146721071
11 16 8 9 0.5091504747
16 21 8 9 0.3836165875
21 26 8 9 0.2158135063
26 31 8 9 0.123725407
31 36 8 9 0.09882034532
36 41 8 9 0.1055401238
41 46 8 9 0.07012875771
46 51 8 9 0.05966624651
51 56 8 9 0.03928339567
56 61 8 9 0.01145686413
61 66 8 9 0.03158876163
66 71 8 9 0.002207060743
71 76 8 9 0.01888275228
76 81 8 9 0.009968388687
81 86 8 9 0.009979193903
86 91 8 9 0.01278741911
91 96 8 9 0.009373441779
96 101 8 9 -0.005525122251
1 6 9 10 1.437900656
6 11 9 10 1.094729588
11 16 9 10 0.5881297987
16 21 9 10 0.3737953353
21 26 9 10 0.2327730029
26 31 9 10 0.1457521422
31 36 9 10 0.1238887909
36 41 9 10 0.08477031662
41 46 9 10 0.08121179342
46 51 9 10 0.04599310854
51 56 9 10 0.04327449429
56 61 9 10 0.02323528266
61 66 9 10 0.0394224343
66 71 9 10 0.01639090519
71 76 9 10 0.03418665624
76 81 9 10 0.004945159362
81 86 9 10 0.01986547563
86 91 9 10 0.002875465034
91 96 9 10 0.01237212073
96 101 9 10 0.007058629454
1 6 10 11 1.282515782
6 11 10 11 0.8899574724
11 16 10 11 0.5259616498
16 21 10 11 0.3732277244
21 26 10 11 0.2167998221
26 31 10 11 0.1543055005
31 36 10 11 0.09356672731
36 41 10 11 0.05535198256
41 46 10 11 0.04775611221
46 51 10 11 0.05360347373
51 56 10 11 0.02365207607
56 61 10 11 0.02396966361
61 66 10 11 0.02569517455
66 71 10 11 0.009761235846
71 76 10 11 0.01309892405
76 81 10 11 -0.004934541304
81 86 10 11 0.00970859479
86 91 10 11 -0.008469687791
91 96 10 11 0.01049423309
96 101 10 11 -0.02044481603
1 6 11 12 1.123378606
6 11 11 12 0.8567328176
11 16 11 12 0.5194696176
16 21 11 12 0.3186827116
21 26 11 12 0.1986712837
26 31 11 12 0.1950885678
31 36 11 12 0.1020483582
36 41 11 12 0.1107016818
41 46 11 12 0.059939886
46 51 11 12 0.03490693419
51 56 11 12 0.04603428593
56 61 11 12 0.01186714862
61 66 11 12 0.02664356093
66 71 11 12 0.03948220426
71 76 11 12 0.02014602475
76 81 11 12 0.03225798979
81 86 11 12 0.02126040573
86 91 11 12 0.01279103416
91 96 11 12 0.01824732481
96 101 11 12 0.04399045944
1 6 12 13 0.7680570616
6 11 12 13 0.7485561986
11 16 12 13 0.5249137601
16 21 12 13 0.3560945472
21 26 12 13 0.200773425
26 31 12 13 0.1721411815
31 36 12 13 0.1144976955
36 41 12 13 0.0925479428
41 46 12 13 0.06900214721
46 51 12 13 0.02608477809
51 56 12 13 0.02339237772
56 61 12 13 -0.006891262104
61 66 12 13 0.01813216776
66 71 12 13 0.05222352409
71 76 12 13 0.005074219238
76 81 12 13 0.02291262459
81 86 12 13 -0.002492296536
86 91 12 13 0.002843847406
91 96 12 13 0.007849015655
96 101 12 13 0.01361020963
1 6 13 14 0.7705513543
6 11 13 14 0.6653364642
11 16 13 14 0.4857548533
16 21 13 14 0.3369280614
21 26 13 14 0.2112479596
26 31 13 14 0.14483063
31 36 13 14 0.11196302
36 41 13 14 0.09203494887
41 46 13 14 0.04642411243
46 51 13 14 0.03342368722
51 56 13 14 0.01987444537
56 61 13 14 0.0309837636
61 66 13 14 0.01370275852
66 71 13 14 0.03520738454
71 76 13 14 0.008102674418
76 81 13 14 0.02817002599
81 86 13 14 0.0143714724
86 91 13 14 -0.002293958165
91 96 13 14 0.001162592655
96 101 13 14 0.02182527765
1 6 14 15 0.6492649939
6 11 14 15 0.6332302444
11 16 14 15 0.4684984923
16 21 14 15 0.2952769678
21 26 14 15 0.2064728455
26 31 14 15 0.1349726003
31 36 14 15 0.1090189909
36 41 14 15 0.07292229445
41 46 14 15 0.08861982392
46 51 14 15 0.02911894788
51 56 14 15 0.02604765755
56 61 14 15 0.04034931724
61 66 14 15 0.01097558187
66 71 14 15 0.002898103529
71 76 14 15 0.01407450525
76 81 14 15 0.01567931805
81 86 14 15 -0.00621321069
86 91 14 15 0.006631708505
91 96 14 15 -0.00509016012
96 101 14 15 0.01072387983
1 6 15 16 0.5576025737
6 11 15 16 0.5779553958
11 16 15 16 0.4104724612
16 21 15 16 0.3207765378
21 26 15 16 0.217641219
26 31 15 16 0.1265608954
31 36 15 16 0.09101900147
36 41 15 16 0.04208565311
41 46 15 16 0.06432068791
46 51 15 16 0.01355390933
51 56 15 16 0.01128785659
56 61 15 16 0.01842490689
61 66 15 16 0.003095555398
66 71 15 16 -0.01214709068
71 76 15 16 0.008789978733
76 81 15 16 0.01886693796
81 86 15 16 0.008307696489
86 91 15 16 0.007052365044
91 96 15 16 0.001578686761
96 101 15 16 0.01020364867
1 6 16 17 0.6791466531
6 11 16 17 0.4962058735
11 16 16 17 0.338888452
16 21 16 17 0.2503447381
21 26 16 17 0.2053392152
26 31 16 17 0.1304844492
31 36 16 17 0.08430428452
36 41 16 17 0.04862666319
41 46 16 17 0.05208730092
46 51 16 17 0.03570798142
51 56 16 17 0.02603109254
56 61 16 17 0.007473050464
61 66 16 17 0.01695100471
66 71 16 17 -0.005113958549
71 76 16 17 0.01627869166
76 81 16 17 0.01095051989
81 86 16 17 0.003170414483
86 91 16 17 0.02663962469
91 96 16 17 0.01190709324
96 101 16 17 0.0114129583
1 6 17 18 0.5551425673
6 11 17 18 0.3857767985
11 16 17 18 0.3120867716
16 21 17 18 0.2526376116
21 26 17 18 0.1924195134
26 31 17 18 0.1571403094
31 36 17 18 0.06144518589
36 41 17 18 0.06040174887
41 46 17 18 0.02369254951
46 51 17 18 0.0773571427
51 56 17 18 0.03722910724
56 61 17 18 0.03580703245
61 66 17 18 -0.001027522328
66 71 17 18 -0.01452871815
71 76 17 18 -0.006324179489
76 81 17 18 0.02689854817
81 86 17 18 -0.0040585837
86 91 17 18 0.01415409944
91 96 17 18 0.01891785039
96 101 17 18 0.006116834316
1 6 18 19 0.5613504321
6 11 18 19 0.3543338092
11 16 18 19 0.345126557
16 21 18 19 0.1850376918
21 26 18 19 0.1613742689
26 31 18 19 0.1126441971
31 36 18 19 0.07338655796
36 41 18 19 0.06495406608
41 46 18 19 0.01776170171
46 51 18 19 0.06395505572
51 56 18 19 0.0217171911
56 61 18 19 0.0191785496
61 66 18 19 0.04731003544
66 71 18 19 0.02554750886
71 76 18 19 -0.01656642947
76 81 18 19 -0.004209566705
81 86 18 19 0.0177699485
86 91 18 19 0.01752906347
91 96 18 19 0.01470714921
96 101 18 19 0.003170115383
1 6 19 20 0.4295915621
6 11 19 20 0.3843263206
11 16 19 20 0.2875859564
16 21 19 20 0.2074652522
21 26 19 20 0.1616210018
26 31 19 20 0.08757250264
31 36 19 20 0.04604534494
36 41 19 20 0.06127655208
41 46 19 20 0.04322648457
46 51 19 20 0.03299477838
51 56 19 20 0.03207163587
56 61 19 20 0.01667031994
61 66 19 20 0.01015998788
66 71 19 20 0.0225426672
71 76 19 20 -0.003590883355
76 81 19 20 -0.01276086624
81 86 19 20 0.01344434715
86 91 19 20 0.008165846966
91 96 19 20 -0.01661147082
96 101 19 20 -0.006837538848
1 6 20 21 0.4280589403
6 11 20 21 0.3772516237
11 16 20 21 0.2251943496
16 21 20 21 0.1581281774
21 26 20 21 0.1111352154
26 31 20 21 0.07906326986
31 36 20 21 0.05560606093
36 41 20 21 0.03638921508
41 46 20 21 0.0122883855
46 51 20 21 0.02953225684
51 56 20 21 0.02900046822
56 61 20 21 0.02820083628
61 66 20 21 0.02098802337
66 71 20 21 0.0214127958
71 76 20 21 1.844822822e-05
76 81 20 21 0.00922842188
81 86 20 21 0.002828962085
86 91 20 21 0.01314231114
91 96 20 21 0.002187004478
96 101 20 21 0.01455404806
1 6 21 22 0.3741953183
6 11 21 22 0.3399394668
11 16 21 22 0.2189601733
16 21 21 22 0.1587062769
21 26 21 22 0.1802861936
26 31 21 22 0.09825519123
31 36 21 22 0.05979663435
36 41 21 22 0.07822870851
41 46 21 22 0.05823501304
46 51 21 22 0.06198901888
51 56 21 22 0.01969996817
56 61 21 22 0.03692220043
61 66 21 22 0.02089597729
66 71 21 22 0.03590165077
71 76 21 22 0.006519747595
76 81 21 22 0.01587556846
81 86 21 22 0.02631197053
86 91 21 22 0.005893095914
91 96 21 22 0.006017499881
96 101 21 22 -0.006218139629
1 6 22 23 0.4076890412
6 11 22 23 0.3145333112
11 16 22 23 0.2407125847
16 21 22 23 0.1872134037
21 26 22 23 0.1768562194
26 31 22 23 0.1053878272
31 36 22 23 0.0511858118
36 41 22 23 0.04796597355
41 46 22 23 0.08608837309
46 51 22 23 0.04169052065
51 56 22 23 0.007519691573
56 61 22 23 0.03024443798
61 66 22 23 0.009700528099
66 71 22 23 0.01527459254
71 76 22 23 0.01037059827
76 81 22 23 -0.01163113169
81 86 22 23 0.002358640921
86 91 22 23 0.001260373546
91 96 22 23 -0.005711513291
96 101 22 23 0.01015825987
1 6 23 24 0.2624955925
6 11 23 24 0.2979678355
11 16 23 24 0.2386981022
16 21 23 24 0.1798586579
21 26 23 24 0.174151511
26 31 23 24 0.1114757478
31 36 23 24 0.08560143008
36 41 23 24 0.06318238502
41 46 23 24 0.04016348715
46 51 23 24 0.03996377616
51 56 23 24 0.03125763384
56 61 23 24 0.03104216044
61 66 23 24 0.02055237995
66 71 23 24 0.01170380151
71 76 23 24 0.01335770768
76 81 23 24 -0.01745488282
81 86 23 24 0.02162549003
86 91 23 24 0.02431329176
91 96 23 24 0.009660491672
96 101 23 24 0.008221982658
1 6 24 25 0.1723227018
6 11 24 25 0.2888091039
11 16 24 25 0.2184279519
16 21 24 25 0.1887465658
21 26 24 25 0.1211957278
26 31 24 25 0.08061532453
31 36 24 25 0.06154142004
36 41 24 25 0.05194367251
41 46 24 25 0.03980703034
46 51 24 25 0.03000600185
51 56 24 25 0.01295737565
56 61 24 25 0.02114957139
61 66 24 25 0.02166129142
66 71 24 25 0.00206755138
71 76 24 25 0.01826620677
76 81 24 25 -0.01414524917
81 86 24 25 0.005897027158
86 91 24 25 0.002942617152
91 96 24 25 -0.005761555038
96 101 24 25 0.01295839027
1 6 25 26 0.2317849768
6 11 25 26 0.1758369015
11 16 25 26 0.1862075146
16 21 25 26 0.1365264022
21 26 25 26 0.1092329424
26 31 25 26 0.06674400079
31 36 25 26 0.06346759448
36 41 25 26 0.02422622825
41 46 25 26 0.04204180808
46 51 25 26 0.02568522416
51 56 25 26 0.03000796449
56 61 25 26 0.03439195592
61 66 25 26 0.01559304502
66 71 25 26 -0.004798969072
71 76 25 26 0.01328129771
76 81 25 26 0.02495435341
81 86 25 26 0.02558905101
86 91 25 26 -0.006792850964
91 96 25 26 -0.002485919751
96 101 25 26 0.01462651988
1 6 26 27 0.2685061717
6 11 26 27 0.1809820199
11 16 26 27 0.1517334848
16 21 26 27 0.1032146857
21 26 26 27 0.1234919145
26 31 26 27 0.104931385
31 36 26 27 0.08520909909
36 41 26 27 0.05445975186
41 46 26 27 0.02262412167
46 51 26 27 0.01578892461
51 56 26 27 0.05044929816
56 61 26 27 0.01887119643
61 66 26 27 0.0151877917
66 71 26 27 0.02877502307
71 76 26 27 -0.002052925247
76 81 26 27 0.01563353338
81 86 26 27 0.003179687005
86 91 26 27 0.01831330707
91 96 26 27 0.01117198823
96 101 26 27 0.007429589768
1 6 27 28 0.1517319995
6 11 27 28 0.1718689116
11 16 27 28 0.1551449115
16 21 27 28 0.145174641
21 26 27 28 0.09221487644
26 31 27 28 0.08990675061
31 36 27 28 0.0817398969
36 41 27 28 0.05745517299
41 46 27 28 0.02323172459
46 51 27 28 -0.007350172368
51 56 27 28 0.04421260891
56 61 27 28 0.01511984762
61 66 27 28 0.03030129108
66 71 27 28 0.01189611255
71 76 27 28 0.01133736015
76 81 27 28 0.005333901466
81 86 27 28 -0.002502103744
86 91 27 28 -0.02067411119
91 96 27 28 0.007418049301
96 101 27 28 0.01954505429
1 6 28 29 0.1918167358
6 11 28 29 0.2095270753
11 16 28 29 0.183951979
16 21 28 29 0.08880960273
21 26 28 29 0.09169522178
26 31 28 29 0.05673670224
31 36 28 29 0.04782049068
36 41 28 29 0.06237587732
41 46 28 29 0.03631195556
46 51 28 29 0.004981636308
51 56 28 29 0.0196273772
56 61 28 29 0.0219288218
61 66 28 29 0.02962792592
66 71 28 29 0.007585547081
71 76 28 29 0.01614527001
76 81 28 29 0.01023130719
81 86 28 29 0.03057853463
86 91 28 29 -0.00106514683
91 96 28 29 0.009076796303
96 101 28 29 0.02405586531
1 6 29 30 0.1712407931
6 11 29 30 0.1632603634
11 16 29 30 0.1561346182
16 21 29 30 0.1616293561
21 26 29 30 0.06700610253
26 31 29 30 0.04234137316
31 36 29 30 0.0731162283
36 41 29 30 0.05450442446
41 46 29 30 0.03528337067
46 51 29 30 0.02026954703
51 56 29 30 0.02119494133
56 61 29 30 0.02372220337
61 66 29 30 0.02868739793
66 71 29 30 0.01128532438
71 76 29 30 -0.009072188784
76 81 29 30 0.008810678448
81 86 29 30 0.02258246668
86 91 29 30 0.008027590168
91 96 29 30 -0.009352534021
96 101 29 30 -0.008913440119
1 6 30 31 0.1452823388
6 11 30 31 0.1697361293
11 16 30 31 0.1075816901
16 21 30 31 0.1082647608
21 26 30 31 0.02424501912
26 31 30 31 0.04388436966
31 36 30 31 0.05153372762
36 41 30 31 0.03403029521
41 46 30 31 0.028935333
46 51 30 31 0.01958941416
51 56 30 31 0.009731061412
56 61 30 31 0.03896309262
61 66 30 31 0.02047509638
66 71 30 31 0.003597507277
71 76 30 31 0.00877668008
76 81 30 31 0.02049522917
81 86 30 31 -0.002682148672
86 91 30 31 0.001853896269
91 96 30 31 0.01263297664
96 101 30 31 0.003679798752
1 6 31 32 0.1207214232
6 11 31 32 0.1006823343
11 16 31 32 0.07771065526
16 21 31 32 0.144322066
21 26 31 32 0.07007707996
26 31 31 32 0.07601919479
31 36 31 32 0.04127025989
36 41 31 32 0.02820778205
41 46 31 32 0.02278826331
46 51 31 32 0.03288005651
51 56 31 32 0.01663889569
56 61 31 32 0.01903663642
61 66 31 32 0.02175300425
66 71 31 32 0.02832286196
71 76 31 32 0.002118850264
76 81 31 32 0.02617213094
81 86 31 32 0.02723243498
86 91 31 32 0.01048030982
91 96 31 32 0.009481783194
96 101 31 32 -0.0114253025
1 6 32 33 0.2053306945
6 11 32 33 0.08760010966
11 16 32 33 0.1017659312
16 21 32 33 0.09009779309
21 26 32 33 0.06849321082
26 31 32 33 0.04884799956
31 36 32 33 0.05683251718
36 41 32 33 0.02202164658
41 46 32 33 0.03297169463
46 51 32 33 0.002317996208
51 56 32 33 0.04778965338
56 61 32 33 0.008239828618
61 66 32 33 -0.01024562049
66 71 32 33 0.004522734879
71 76 32 33 0.01548626455
76 81 32 33 0.02310802158
81 86 32 33 0.0209249572
86 91 32 33 0.009840372594
91 96 32 33 0.009635228415
96 101 32 33 -0.01313188635
1 6 33 34 0.202876958
6 11 33 34 0.1039857001
11 16 33 34 0.05935285552
16 21 33 34 0.03239088255
21 26 33 34 0.07937684802
26 31 33 34 0.02482708803
31 36 33 34 0.03882120915
36 41 33 34 0.07516561666
41 46 33 34 0.03546779488
46 51 33 34 0.01833836737
51 56 33 34 0.01010165658
56 61 33 34 0.01592038139
61 66 33 34 0.01085142868
66 71 33 34 0.0154479873
71 76 33 34 0.0154655868
76 81 33 34 0.007468484141
81 86 33 34 0.02596277976
86 91 33 34 0.01464887918
91 96 33 34 0.004539752045
96 101 33 34 -0.01533643445
1 6 34 35 0.1862725208
6 11 34 35 0.03889878965
11 16 34 35 0.08254746255
16 21 34 35 0.05046354871
21 26 34 35 0.07440862945
26 31 34 35 0.05293390968
31 36 34 35 0.03734778467
36 41 34 35 0.06203858964
41 46 34 35 0.03881335461
46 51 34 35 0.03211891172
51 56 34 35 0.0317020368
56 61 34 35 0.01043093519
61 66 34 35 0.02390960246
66 71 34 35 -0.001188031132
71 76 34 35 0.01774383642
76 81 34 35 0.01078848877
81 86 34 35 0.004932463871
86 91 34 35 0.0007918582769
91 96 34 35 -0.008238760222
96 101 34 35 0.0087932358
1 6 35 36 0.1875919437
6 11 35 36 0.09442357755
11 16 35 36 0.05979136986
16 21 35 36 0.06451995762
21 26 35 36 0.06521785572
26 31 35 36 0.04312185537
31 36 35 36 0.03694241423
36 41 35 36 0.04797958312
41 46 35 36 0.05760583108
46 51 35 36 -0.005000045336
51 56 35 36 0.02887813164
56 61 35 36 0.007250522251
61 66 35 36 0.01208653516
66 71 35 36 0.01500927332
71 76 35 36 0.01131021503
76 81 35 36 0.00871228054
81 86 35 36 -0.02225554507
86 91 35 36 0.005874971138
91 96 35 36 0.007503242541
96 101 35 36 -0.008592221002
1 6 36 37 0.1657874095
6 11 36 37 0.1630490446
11 16 36 37 0.024978488
16 21 36 37 0.1199528851
21 26 36 37 0.08072810272
26 31 36 37 0.05411827087
31 36 36 37 0.05186351656
36 41 36 37 0.007199972541
41 46 36 37 0.03040737159
46 51 36 37 -0.007482484992
51 56 36 37 0.04019797374
56 61 36 37 0.007364787157
61 66 36 37 0.01102994609
66 71 36 37 0.00239710264
71 76 36 37 0.04173008379
76 81 36 37 0.02022251128
81 86 36 37 0.004929290647
86 91 36 37 0.006630691169
91 96 36 37 0.007960526268
96 101 36 37 0.008450410723
1 6 37 38 0.09848517426
6 11 37 38 0.06632564989
11 16 37 38 -0.000918025963
16 21 37 38 0.1056069034
21 26 37 38 0.06875980642
26 31 37 38 0.03087096636
31 36 37 38 0.06086830408
36 41 37 38 0.02134385691
41 46 37 38 0.01933684528
46 51 37 38 0.02218864759
51 56 37 38 0.0204068881
56 61 37 38 -0.00316590894
61 66 37 38 0.001377923539
66 71 37 38 -0.02086240447
71 76 37 38 0.006540790625
76 81 37 38 0.01145699016
81 86 37 38 0.002664686674
86 91 37 38 0.01798362575
91 96 37 38 0.00445945568
96 101 37 38 0.01489972277
1 6 38 39 0.05338915149
6 11 38 39 0.108133246
11 16 38 39 0.0433672147
16 21 38 39 0.02552834089
21 26 38 39 0.03956259772
26 31 38 39 0.01053264615
31 36 38 39 0.0444243453
36 41 38 39 0.04082498782
41 46 38 39 0.006454212283
46 51 38 39 0.02759333963
51 56 38 39 0.01681943541
56 61 38 39 0.003801343847
61 66 38 39 0.003764365223
66 71 38 39 -0.02411766116
71 76 38 39 -0.009211644449
76 81 38 39 0.003495600486
81 86 38 39 -0.003544757785
86 91 38 39 0.01603946489
91 96 38 39 -0.009335213239
96 101 38 39 0.0038507448
1 6 39 40 0.03528137217
6 11 39 40 0.06862465205
11 16 39 40 0.1133380785
16 21 39 40 0.06333894757
21 26 39 40 0.02577607651
26 31 39 40 0.03854211555
31 36 39 40 0.03760177526
36 41 39 40 0.03547095949
41 46 39 40 0.02206053824
46 51 39 40 0.02181468948
51 56 39 40 0.0007521984012
56 61 39 40 -0.0027521885
61 66 39 40 -0.005744629133
66 71 39 40 0.007591781048
71 76 39 40 -0.01981569077
76 81 39 40 0.01273411758
81 86 39 40 0.01462754569
86 91 39 40 7.694019962e-05
91 96 39 40 0.01314787728
96 101 39 40 0.01328612878
