# Columns: s_perp_min(1) s_perp_max(2) pi_min(3) pi_max(4) xi(5)
1 6 0 1 9.289197695
6 11 0 1 2.281123941
11 16 0 1 0.9316115424
16 21 0 1 0.5495138322
21 26 0 1 0.2752789381
26 31 0 1 0.1875265277
31 36 0 1 0.1342618975
36 41 0 1 0.08924564487
41 46 0 1 0.06880974395
46 51 0 1 0.07085107299
51 56 0 1 0.05234925477
56 61 0 1 0.05795476483
61 66 0 1 0.02530036211
66 71 0 1 0.01535237222
71 76 0 1 0.002973156402
76 81 0 1 0.003934303148
81 86 0 1 0.03004517213
86 91 0 1 0.008532235612
91 96 0 1 0.007374148906
96 101 0 1 0.005125380472
1 6 1 2 5.055632229
6 11 1 2 2.100411404
11 16 1 2 0.9207245863
16 21 1 2 0.4821984264
21 26 1 2 0.2759501215
26 31 1 2 0.1663074451
31 36 1 2 0.1224376407
36 41 1 2 0.07271864551
41 46 1 2 0.06537334814
46 51 1 2 0.04373277957
51 56 1 2 0.02282046481
56 61 1 2 0.05218855902
61 66 1 2 0.03097947678
66 71 1 2 0.03819521017
71 76 1 2 -0.005747246639
76 81 1 2 0.01206273423
81 86 1 2 0.007811263438
86 91 1 2 -0.002906494255
91 96 1 2 0.01619603386
96 101 1 2 0.01263693535
1 6 2 3 4.510753354
6 11 2 3 1.933700399
11 16 2 3 0.9162901432
16 21 2 3 0.4341824288
21 26 2 3 0.2682010042
26 31 2 3 0.1799923069
31 36 2 3 0.1498848975
36 41 2 3 0.09900355773
41 46 2 3 0.05624258902
46 51 2 3 0.05178918181
51 56 2 3 0.05380324784
56 61 2 3 0.03432618926
61 66 2 3 0.01511069812
66 71 2 3 0.03000004769
71 76 2 3 0.009420792207
76 81 2 3 0.01171111109
81 86 2 3 0.00679380131
86 91 2 3 0.03031604908
91 96 2 3 0.01048730431
96 101 2 3 -0.01024710394
1 6 3 4 4.057848395
6 11 3 4 1.820212082
11 16 3 4 0.8473040167
16 21 3 4 0.4565240128
21 26 3 4 0.2631061122
26 31 3 4 0.1723323061
31 36 3 4 0.1370333749
36 41 3 4 0.07963670778
41 46 3 4 0.03580551085
46 51 3 4 0.04503362984
51 56 3 4 0.06103301057
56 61 3 4 0.02742022331
61 66 3 4 0.04608614761
66 71 3 4 0.01054831146
71 76 3 4 -0.0006749764137
76 81 3 4 0.01557439912
81 86 3 4 0.01189399122
86 91 3 4 0.02931556527
91 96 3 4 0.01607718187
96 101 3 4 -0.005039238127
1 6 4 5 3.664245103
6 11 4 5 1.713766704
11 16 4 5 0.7465863963
16 21 4 5 0.4594693041
21 26 4 5 0.24545704
26 31 4 5 0.1497422217
31 36 4 5 0.150783755
36 41 4 5 0.09570746884
41 46 4 5 0.04348589668
46 51 4 5 0.03951979858
51 56 4 5 0.04489167746
56 61 4 5 0.04699223327
61 66 4 5 0.03292708569
66 71 4 5 0.005084869802
71 76 4 5 0.02004329658
76 81 4 5 0.01779830133
81 86 4 5 0.0177926957
86 91 4 5 0.01741507364
91 96 4 5 0.00844765077
96 101 4 5 -0.001250706812
1 6 5 6 2.802066463
6 11 5 6 1.432934783
11 16 5 6 0.7518971066
16 21 5 6 0.4252302937
21 26 5 6 0.2619467954
26 31 5 6 0.1547482649
31 36 5 6 0.112988936
36 41 5 6 0.06161063975
41 46 5 6 0.03357226561
46 51 5 6 0.07442841123
51 56 5 6 0.04635907138
56 61 5 6 0.03139100054
61 66 5 6 0.02462293293
66 71 5 6 0.01326433274
71 76 5 6 0.0178973361
76 81 5 6 0.03015990972
81 86 5 6 0.01377007117
86 91 5 6 0.002152632376
91 96 5 6 -0.0001710356214
96 101 5 6 0.01389250049
1 6 6 7 2.276340285
6 11 6 7 1.428000508
11 16 6 7 0.6973030049
16 21 6 7 0.4342405596
21 26 6 7 0.2646620373
26 31 6 7 0.1942431787
31 36 6 7 0.1082271312
36 41 6 7 0.08056780634
41 46 6 7 0.0436754341
46 51 6 7 0.06209250725
51 56 6 7 0.04806768074
56 61 6 7 0.04082159644
61 66 6 7 0.01792202924
66 71 6 7 0.02606992826
71 76 6 7 0.0119910676
76 81 6 7 -0.002340115001
81 86 6 7 0.01410922522
86 91 6 7 0.006069506236
91 96 6 7 0.009084084018
96 101 6 7 0.02847525263
1 6 7 8 1.92616343
6 11 7 8 1.243661068
11 16 7 8 0.683149962
16 21 7 8 0.40005968
21 26 7 8 0.2492095653
26 31 7 8 0.2037773012
31 36 7 8 0.118660299
36 41 7 8 0.07388251871
41 46 7 8 0.05405054757
46 51 7 8 0.03648940875
51 56 7 8 0.02414714972
56 61 7 8 0.03841339359
61 66 7 8 0.04031106381
66 71 7 8 0.03351674577
71 76 7 8 0.0175851964
76 81 7 8 0.008751996851
81 86 7 8 0.01447413779
86 91 7 8 0.01020510935
91 96 7 8 0.00904191073
96 101 7 8 0.02170611887
1 6 8 9 1.597085267
6 11 8 9 1.097488454
11 16 8 9 0.6428682245
16 21 8 9 0.3923089136
21 26 8 9 0.261001037
26 31 8 9 0.1761182835
31 36 8 9 0.09871422233
36 41 8 9 0.06384527628
41 46 8 9 0.075056238
46 51 8 9 0.05053267871
51 56 8 9 0.02036140742
56 61 8 9 0.03481028092
61 66 8 9 0.02709554946
66 71 8 9 0.03177932945
71 76 8 9 0.009689037267
76 81 8 9 0.01262441795
81 86 8 9 0.01272255742
86 91 8 9 0.01094230795
91 96 8 9 0.00852816341
96 101 8 9 0.02881007
1 6 9 10 1.50613556
6 11 9 10 0.9884283325
11 16 9 10 0.5359901802
16 21 9 10 0.3673708229
21 26 9 10 0.232368964
26 31 9 10 0.1328373923
31 36 9 10 0.103786347
36 41 9 10 0.08872422968
41 46 9 10 0.06851307668
46 51 9 10 0.05668215272
51 56 9 10 0.02565474621
56 61 9 10 0.03227339548
61 66 9 10 0.02996897825
66 71 9 10 0.005027304803
71 76 9 10 0.007167533703
76 81 9 10 0.001148717216
81 86 9 10 0.01031413441
86 91 9 10 0.02336531946
91 96 9 10 0.01369247416
96 101 9 10 0.009397941243
1 6 10 11 1.420921421
6 11 10 11 0.8464730467
11 16 10 11 0.5235631181
16 21 10 11 0.3703548679
21 26 10 11 0.2334825183
26 31 10 11 0.1152407731
31 36 10 11 0.119676864
36 41 10 11 0.06348214785
41 46 10 11 0.07810531821
46 51 10 11 0.04483406759
51 56 10 11 0.0309681863
56 61 10 11 0.03469998156
61 66 10 11 0.03502711616
66 71 10 11 -0.002602674058
71 76 10 11 0.00888917927
76 81 10 11 -0.0082218112
81 86 10 11 0.01156342335
86 91 10 11 0.007782885391
91 96 10 11 0.011748669
96 101 10 11 0.02118569622
1 6 11 12 1.062346056
6 11 11 12 0.7739771655
11 16 11 12 0.535113913
16 21 11 12 0.3512492289
21 26 11 12 0.225001201
26 31 11 12 0.1355668179
31 36 11 12 0.08659034635
36 41 11 12 0.07868698725
41 46 11 12 0.06652705417
46 51 11 12 0.04955704101
51 56 11 12 0.03486113546
56 61 11 12 0.03323545107
61 66 11 12 0.02786894777
66 71 11 12 0.01370392
71 76 11 12 0.01611716434
76 81 11 12 0.006518961571
81 86 11 12 0.005922304213
86 91 11 12 -0.01017721667
91 96 11 12 0.003915939331
96 101 11 12 0.02134946558
1 6 12 13 0.7708563422
6 11 12 13 0.6874797529
11 16 12 13 0.5099676998
16 21 12 13 0.3155375729
21 26 12 13 0.2178012338
26 31 12 13 0.1331769983
31 36 12 13 0.1018923257
36 41 12 13 0.09362180808
41 46 12 13 0.05544323556
46 51 12 13 0.03274946422
51 56 12 13 0.04061680385
56 61 12 13 0.01988922762
61 66 12 13 0.03480130644
66 71 12 13 0.02185721702
71 76 12 13 0.02228192354
76 81 12 13 0.002788103035
81 86 12 13 0.005724822112
86 91 12 13 -0.003838118854
91 96 12 13 0.001316531247
96 101 12 13 -0.006091001383
1 6 13 14 0.7422809276
6 11 13 14 0.640709577
11 16 13 14 0.4079755089
16 21 13 14 0.2828680927
21 26 13 14 0.236731656
26 31 13 14 0.09306576256
31 36 13 14 0.09097762715
36 41 13 14 0.08666650187
41 46 13 14 0.0324350411
46 51 13 14 0.02967472722
51 56 13 14 0.02761797187
56 61 13 14 0.02077775031
61 66 13 14 0.04388450276
66 71 13 14 0.02615889235
71 76 13 14 0.01391755485
76 81 13 14 0.01785309974
81 86 13 14 -0.007205962398
86 91 13 14 0.006166719238
91 96 13 14 0.01996095826
96 101 13 14 0.007603756865
1 6 14 15 0.6477464913
6 11 14 15 0.5942346142
11 16 14 15 0.3497170172
16 21 14 15 0.2629486232
21 26 14 15 0.2098080498
26 31 14 15 0.08950618912
31 36 14 15 0.08179643952
36 41 14 15 0.07399425054
41 46 14 15 0.03529458389
46 51 14 15 0.01730925846
51 56 14 15 0.02412034801
56 61 14 15 0.03044120043
61 66 14 15 0.007467038817
66 71 14 15 0.02022969753
71 76 14 15 0.02427669135
76 81 14 15 0.01995370553
81 86 14 15 0.02335653924
86 91 14 15 0.01465260418
91 96 14 15 0.02609908856
96 101 14 15 0.01568304555
1 6 15 16 0.6045248963
6 11 15 16 0.4483572127
11 16 15 16 0.3716502506
16 21 15 16 0.2297172125
21 26 15 16 0.189916615
26 31 15 16 0.1466228782
31 36 15 16 0.1199443811
36 41 15 16 0.04156408786
41 46 15 16 0.03128133508
46 51 15 16 0.0466301279
51 56 15 16 0.01421041373
56 61 15 16 0.02855998344
61 66 15 16 0.03370612925
66 71 15 16 0.01997850481
71 76 15 16 0.007333357922
76 81 15 16 -0.00191542731
81 86 15 16 0.004501291705
86 91 15 16 0.02151422188
91 96 15 16 0.009478979346
96 101 15 16 0.01207648019
1 6 16 17 0.5971505958
6 11 16 17 0.3980023074
11 16 16 17 0.412648934
16 21 16 17 0.2111541271
21 26 16 17 0.1513693329
26 31 16 17 0.1480190359
31 36 16 17 0.09185508331
36 41 16 17 0.06919909298
41 46 16 17 0.06136834008
46 51 16 17 0.06617244673
51 56 16 17 0.02550063635
56 61 16 17 0.008454859879
61 66 16 17 0.02852944123
66 71 16 17 0.0273991564
71 76 16 17 0.009762195011
76 81 16 17 0.007870655728
81 86 16 17 0.003097451554
86 91 16 17 0.007313022549
91 96 16 17 0.01141511664
96 101 16 17 0.01302270319
1 6 17 18 0.4438265967
6 11 17 18 0.3163126495
11 16 17 18 0.3167906135
16 21 17 18 0.2156883254
21 26 17 18 0.1373965152
26 31 17 18 0.1207247802
31 36 17 18 0.09586784015
36 41 17 18 0.0688638975
41 46 17 18 0.03501439814
46 51 17 18 0.02722824177
51 56 17 18 0.01510157077
56 61 17 18 0.0436464858
61 66 17 18 0.03356499817
66 71 17 18 0.01713688717
71 76 17 18 0.01762909104
76 81 17 18 -0.00521703162
81 86 17 18 0.01253795459
86 91 17 18 0.01087749928
91 96 17 18 -0.0126083215
96 101 17 18 0.006672091143
1 6 18 19 0.3407912306
6 11 18 19 0.3902002492
11 16 18 19 0.2578151758
16 21 18 19 0.2202031468
21 26 18 19 0.1544964373
26 31 18 19 0.1077442863
31 36 18 19 0.1096289209
36 41 18 19 0.05574471885
41 46 18 19 0.04780405352
46 51 18 19 0.03223208059
51 56 18 19 0.01406970472
56 61 18 19 0.01453970831
61 66 18 19 0.01588974169
66 71 18 19 0.006503062032
71 76 18 19 0.01298601291
76 81 18 19 0.004587317555
81 86 18 19 0.01612697712
86 91 18 19 0.002897932055
91 96 18 19 0.003574719096
96 101 18 19 -0.001247067493
1 6 19 20 0.3367968178
6 11 19 20 0.3476474022
11 16 19 20 0.2647722063
16 21 19 20 0.1677692124
21 26 19 20 0.1486693452
26 31 19 20 0.0927764686
31 36 19 20 0.08546677444
36 41 19 20 0.05796073341
41 46 19 20 0.01620074916
46 51 19 20 0.03102731585
51 56 19 20 0.01444492874
56 61 19 20 0.04010465056
61 66 19 20 0.009849331452
66 71 19 20 0.01849228122
71 76 19 20 0.008177110565
76 81 19 20 0.01077040502
81 86 19 20 0.01308747
86 91 19 20 -0.001423995979
91 96 19 20 0.008451484705
96 101 19 20 0.003636898908
1 6 20 21 0.3671133867
6 11 20 21 0.2700063799
11 16 20 21 0.216843046
16 21 20 21 0.1513569647
21 26 20 21 0.1226609891
26 31 20 21 0.08836159129
31 36 20 21 0.0507216506
36 41 20 21 0.06413391684
41 46 20 21 0.04056866858
46 51 20 21 0.03114557497
51 56 20 21 0.008086221755
56 61 20 21 0.03268395423
61 66 20 21 0.03608277664
66 71 20 21 0.008910325596
71 76 20 21 0.01632200602
76 81 20 21 0.02777161228
81 86 20 21 0.0009680793374
86 91 20 21 0.01568954286
91 96 20 21 0.004759405081
96 101 20 21 0.009972953681
1 6 21 22 0.3466292185
6 11 21 22 0.2399368259
11 16 21 22 0.1995566841
16 21 21 22 0.1803448308
21 26 21 22 0.1448100407
26 31 21 22 0.1181588686
31 36 21 22 0.02881734863
36 41 21 22 0.07884527401
41 46 21 22 0.05302045291
46 51 21 22 0.01578667235
51 56 21 22 -0.001575796655
56 61 21 22 0.03247561098
61 66 21 22 0.01141306382
66 71 21 22 -0.009620370666
71 76 21 22 0.0179265992
76 81 21 22 -0.005358594184
81 86 21 22 -0.002925752519
86 91 21 22 -4.276124615e-05
91 96 21 22 0.008819542487
96 101 21 22 0.006806745954
1 6 22 23 0.3601487695
6 11 22 23 0.2323034608
11 16 22 23 0.2237204158
16 21 22 23 0.135157863
21 26 22 23 0.1326219607
26 31 22 23 0.1256427774
31 36 22 23 0.032947813
36 41 22 23 0.088519388
41 46 22 23 0.04893303727
46 51 22 23 0.0330598944
51 56 22 23 0.0118116602
56 61 22 23 0.0209064329
61 66 22 23 0.02063739122
66 71 22 23 0.01448889725
71 76 22 23 -0.0009432214736
76 81 22 23 0.0168621618
81 86 22 23 0.01234905867
86 91 22 23 1.394633818e-05
91 96 22 23 0.006948582096
96 101 22 23 0.01453665999
1 6 23 24 0.2138918085
6 11 23 24 0.1989022171
11 16 23 24 0.1867047652
16 21 23 24 0.1246749515
21 26 23 24 0.08148999012
26 31 23 24 0.1035055009
31 36 23 24 0.06102641015
36 41 23 24 0.0751767457
41 46 23 24 0.03075392661
46 51 23 24 0.03467856604
51 56 23 24 0.02335649912
56 61 23 24 0.02835776794
61 66 23 24 0.0230253291
66 71 23 24 0.03129264356
71 76 23 24 0.02287206267
76 81 23 24 0.007651462081
81 86 23 24 0.01029266896
86 91 23 24 0.009467910754
91 96 23 24 0.01450910236
96 101 23 24 -0.006596866756
1 6 24 25 0.1833703978
6 11 24 25 0.158837594
11 16 24 25 0.1991583808
16 21 24 25 0.1074682502
21 26 24 25 0.05894433008
26 31 24 25 0.1017823152
31 36 24 25 0.07267945599
36 41 24 25 0.06500914948
41 46 24 25 0.04707886687
46 51 24 25 0.02599391225
51 56 24 25 0.03308552182
56 61 24 25 0.01521376
61 66 24 25 0.01588409644
66 71 24 25 0.01225432868
71 76 24 25 0.00880626716
76 81 24 25 0.01532780627
81 86 24 25 0.00649328507
86 91 24 25 0.0221663591
91 96 24 25 0.01101638737
96 101 24 25 0.01178897397
1 6 25 26 0.1422996405
6 11 25 26 0.1456795283
11 16 25 26 0.1420151382
16 21 25 26 0.1078364116
21 26 25 26 0.04285118303
26 31 25 26 0.09799633778
31 36 25 26 0.06996148203
36 41 25 26 0.05901287478
41 46 25 26 0.04443358377
46 51 25 26 0.04181106895
51 56 25 26 0.02308848196
56 61 25 26 0.003920330334
61 66 25 26 0.02592698411
66 71 25 26 0.02278349018
71 76 25 26 0.00265126233
76 81 25 26 0.01997197166
81 86 25 26 0.01636309702
86 91 25 26 0.009022351163
91 96 25 26 0.02155204138
96 101 25 26 0.01697864319
1 6 26 27 0.2816944053
6 11 26 27 0.166175746
11 16 26 27 0.1329869307
16 21 26 27 0.1663740745
21 26 26 27 0.06519853889
26 31 26 27 0.08724214947
31 36 26 27 0.06775714094
36 41 26 27 0.05215067843
41 46 26 27 0.04403802742
46 51 26 27 0.0253656607
51 56 26 27 0.02452907417
56 61 26 27 0.01025641621
61 66 26 27 0.02137691808
66 71 26 27 0.0215222934
71 76 26 27 0.0009344939461
76 81 26 27 0.01942398755
81 86 26 27 0.01422084553
86 91 26 27 -0.0105296138
91 96 26 27 0.01162598307
96 101 26 27 0.01048245837
1 6 27 28 0.2573182451
6 11 27 28 0.1405765605
11 16 27 28 0.1342349477
16 21 27 28 0.1119830716
21 26 27 28 0.09726279964
26 31 27 28 0.09199663272
31 36 27 28 0.03845866572
36 41 27 28 0.03753243111
41 46 27 28 0.02141714855
46 51 27 28 0.01681404841
51 56 27 28 0.02493780033
56 61 27 28 0.02726702975
61 66 27 28 0.03362709585
66 71 27 28 0.03238114535
71 76 27 28 -0.001718693556
76 81 27 28 0.01143711903
81 86 27 28 0.02113701215
86 91 27 28 0.008212242815
91 96 27 28 -0.001953815502
96 101 27 28 0.01068626025
1 6 28 29 0.2355026059
6 11 28 29 0.1268280688
11 16 28 29 0.1338897515
16 21 28 29 0.07975926048
21 26 28 29 0.07694424811
26 31 28 29 0.03454033774
31 36 28 29 0.06506056835
36 41 28 29 0.04939462671
41 46 28 29 0.05150415356
46 51 28 29 0.03061340895
51 56 28 29 0.02714224142
56 61 28 29 0.01156775313
61 66 28 29 0.02004464069
66 71 28 29 0.01505931405
71 76 28 29 0.005679992916
76 81 28 29 0.03694121318
81 86 28 29 0.01047297871
86 91 28 29 -0.00109995264
91 96 28 29 0.01101255344
96 101 28 29 0.02029406301
1 6 29 30 0.1769178848
6 11 29 30 0.1520055214
11 16 29 30 0.1262423287
16 21 29 30 0.08842074188
21 26 29 30 0.06551887641
26 31 29 30 0.02747150285
31 36 29 30 0.0431455657
36 41 29 30 0.06659201702
41 46 29 30 0.04192015279
46 51 29 30 0.0210344206
51 56 29 30 0.02150718075
56 61 29 30 0.02387226033
61 66 29 30 0.02514794055
66 71 29 30 0.01121815871
71 76 29 30 -0.001177326253
76 81 29 30 0.01448299742
81 86 29 30 0.004535636419
86 91 29 30 0.001095440982
91 96 29 30 0.009225939621
96 101 29 30 0.01327745554
1 6 30 31 0.2231096842
6 11 30 31 0.09810806
11 16 30 31 0.1215157965
16 21 30 31 0.04364068928
21 26 30 31 0.08730182806
26 31 30 31 0.04934464141
31 36 30 31 0.03541967121
36 41 30 31 0.03742069928
41 46 30 31 0.03965394452
46 51 30 31 0.02557261415
51 56 30 31 0.02186230348
56 61 30 31 0.01594296137
61 66 30 31 0.03442307514
66 71 30 31 0.01225956186
71 76 30 31 0.007738164103
76 81 30 31 -0.0069842804
81 86 30 31 0.0172818181
86 91 30 31 0.01102736932
91 96 30 31 0.007370314971
96 101 30 31 0.01069717821
1 6 31 32 0.2545528824
6 11 31 32 0.1459747413
11 16 31 32 0.09004983814
16 21 31 32 0.04751607246
21 26 31 32 0.04861725846
26 31 31 32 0.06848835441
31 36 31 32 0.03998886366
36 41 31 32 0.03073541166
41 46 31 32 0.05808851866
46 51 31 32 0.04438320471
51 56 31 32 0.01644165654
56 61 31 32 0.0100970949
61 66 31 32 0.02764313805
66 71 31 32 0.01339516228
71 76 31 32 -0.01039520195
76 81 31 32 -0.004632515228
81 86 31 32 0.009507033651
86 91 31 32 0.005117628928
91 96 31 32 0.01206688562
96 101 31 32 0.008819289486
1 6 32 33 0.2298694597
6 11 32 33 0.1140495627
11 16 32 33 0.09270519328
16 21 32 33 0.07043896394
21 26 32 33 0.05450536724
26 31 32 33 0.05194828701
31 36 32 33 0.02745836165
36 41 32 33 0.0355398802
41 46 32 33 0.03071272282
46 51 32 33 0.03353293086
51 56 32 33 0.007630592593
56 61 32 33 0.02939948418
61 66 32 33 0.02221241408
66 71 32 33 0.01077857145
71 76 32 33 0.01085468398
76 81 32 33 0.01458346117
81 86 32 33 -0.003900283755
86 91 32 33 0.02244989702
91 96 32 33 0.0026392389
96 101 32 33 0.01532275294
1 6 33 34 0.1291897729
6 11 33 34 0.157656742
11 16 33 34 0.07754311544
16 21 33 34 0.05057762517
21 26 33 34 0.06777649325
26 31 33 34 0.04692966579
31 36 33 34 0.03872618284
36 41 33 34 0.03767209589
41 46 33 34 0.03188291036
46 51 33 34 0.01530624469
51 56 33 34 0.02194940906
56 61 33 34 0.03265331552
61 66 33 34 0.02864799134
66 71 33 34 0.04120428963
71 76 33 34 0.01342008219
76 81 33 34 0.01767957144
81 86 33 34 -0.003694215476
86 91 33 34 0.01675483534
91 96 33 34 0.00794157132
96 101 33 34 0.006395502882
1 6 34 35 0.09713204963
6 11 34 35 0.1083983422
11 16 34 35 0.07985327441
16 21 34 35 0.04846554134
21 26 34 35 0.05937144678
26 31 34 35 0.05780963409
31 36 34 35 0.02467618358
36 41 34 35 0.03514881881
41 46 34 35 0.03148735401
46 51 34 35 0.03967501367
51 56 34 35 0.02198961163
56 61 34 35 0.002167795942
61 66 34 35 0.03293837618
66 71 34 35 0.02150136067
71 76 34 35 0.04000560623
76 81 34 35 0.03082662373
81 86 34 35 -0.01030557276
86 91 34 35 -0.004336335488
91 96 34 35 0.007792047846
96 101 34 35 0.005955145255
1 6 35 36 0.1089104464
6 11 35 36 0.07655751009
11 16 35 36 0.06819626535
16 21 35 36 0.06755180348
21 26 35 36 0.05685450909
26 31 35 36 0.04339524835
31 36 35 36 0.02815390617
36 41 35 36 0.02856595202
41 46 35 36 0.05708314627
46 51 35 36 0.03383596985
51 56 35 36 0.01851878948
56 61 35 36 -0.001355656069
61 66 35 36 0.01882526815
66 71 35 36 0.02628972189
71 76 35 36 0.03739631337
76 81 35 36 0.01515427796
81 86 35 36 0.02580789314
86 91 35 36 0.003874112614
91 96 35 36 0.007822719328
96 101 35 36 -0.003656296821
1 6 36 37 0.1004095165
6 11 36 37 0.1093261545
11 16 36 37 0.01790383901
16 21 36 37 0.03153011686
21 26 36 37 0.0438579581
26 31 36 37 0.05587262239
31 36 36 37 0.05229465128
36 41 36 37 0.05356594823
41 46 36 37 0.0272021602
46 51 36 37 0.03680723012
51 56 36 37 0.02877714606
56 61 36 37 -0.008151322644
61 66 36 37 0.03333918844
66 71 36 37 -0.005889112141
71 76 36 37 0.02834913907
76 81 36 37 0.008879859812
81 86 36 37 0.01706287055
86 91 36 37 -0.0106551806
91 96 36 37 0.01051414186
96 101 36 37 0.0009801958733
1 6 37 38 0.09242069094
6 11 37 38 0.1272076284
11 16 37 38 0.0395980905
16 21 37 38 0.01918702144
21 26 37 38 0.0504019961
26 31 37 38 0.0436971203
31 36 37 38 0.05194152868
36 41 37 38 0.04883596757
41 46 37 38 0.01245944534
46 51 37 38 0.03535116476
51 56 37 38 0.04356499255
56 61 37 38 0.00778080819
61 66 37 38 0.04145140294
66 71 37 38 0.00996219511
71 76 37 38 0.02559353073
76 81 37 38 0.002016358736
81 86 37 38 0.007132955353
86 91 37 38 0.009281585834
91 96 37 38 -0.003153837228
96 101 37 38 -5.337078694e-05
1 6 38 39 0.01458085172
6 11 38 39 0.113796523
11 16 38 39 0.03415461246
16 21 38 39 0.05931661423
21 26 38 39 0.04054780369
26 31 38 39 0.0283771187
31 36 38 39 0.04745794171
36 41 38 39 0.04935738276
41 46 38 39 0.03617634493
46 51 38 39 0.04381408271
51 56 38 39 0.04169557289
56 61 38 39 0.01472354059
61 66 38 39 0.02259629062
66 71 38 39 0.01241132413
71 76 38 39 0.02371093813
76 81 38 39 0.008204012733
81 86 38 39 0.02051022113
86 91 38 39 0.002533383299
91 96 38 39 0.00491276249
96 101 38 39 0.006064324832
1 6 39 40 -0.009385625088
6 11 39 40 0.03619767395
11 16 39 40 0.0435280161
16 21 39 40 0.04949251788
21 26 39 40 0.01313606411
26 31 39 40 0.07139387196
31 36 39 40 0.0633270574
36 41 39 40 0.03457153771
41 46 39 40 0.03475069391
46 51 39 40 0.01857315276
51 56 39 40 0.02068972843
56 61 39 40 0.01296487845
61 66 39 40 0.01487924315
66 71 39 40 0.03193109172
71 76 39 40 0.006362798523
76 81 39 40 0.003874938202
81 86 39 40 0.01444837926
86 91 39 40 0.01133521049
91 96 39 40 0.02411311011
96 101 39 40 0.01682579178
