157.309 17.062 26.759 0.30588
102.763 -13.661 -41.929 0.27439
-129.166 18.102 -136.213 0.28205
10.533 54.159 139.640 0.31753
24.776 -42.084 -45.475 0.30587
-176.930 27.512 127.335 0.27199
47.398 -42.917 -69.275 0.32128
142.547 39.042 38.313 0.29575
119.924 40.142 -112.845 0.30823
46.988 -25.428 -36.086 0.30387
107.874 -9.350 -103.542 0.36217
73.987 -4.295 18.603 0.26985
-63.047 -16.740 -122.616 0.39187
-152.380 13.650 50.631 0.26532
142.535 -50.607 42.679 0.31677
-145.242 -4.251 69.176 0.28759
99.429 4.653 22.493 0.30088
144.342 -30.972 167.111 0.32125
-104.898 55.066 -6.209 0.30024
21.876 43.723 -45.431 0.31429
57.284 44.460 -44.771 0.32170
50.447 2.085 -90.230 0.35804
86.085 74.012 -121.501 0.32359
-10.607 -69.181 -52.850 0.28890
92.198 17.019 -30.782 0.32866
-58.048 -71.729 -93.863 0.27807
126.529 -59.352 -153.803 0.27891
19.357 29.061 -179.501 0.35316
-86.745 -21.902 -9.318 0.28671
-2.622 62.385 102.901 0.29910
-38.570 -42.731 -73.387 0.32059
-159.563 -0.286 -56.763 0.33414
-135.364 14.414 -95.213 0.29014
-118.689 67.907 135.282 0.29827
-110.846 -21.488 66.766 0.31353
-176.228 84.485 -100.989 0.33936
169.950 -17.130 -22.894 0.27897
109.482 19.796 164.130 0.29541
-17.351 28.804 64.025 0.35890
52.426 -1.613 -13.499 0.26968
95.190 -35.859 -91.551 0.27288
-0.799 4.809 -101.355 0.32471
-75.861 50.100 -143.289 0.31095
-68.020 47.255 -128.255 0.29299
123.002 47.805 83.060 0.28082
-154.053 6.205 117.665 0.27407
-28.189 45.300 -22.957 0.29375
111.837 -1.237 -28.257 0.27239
-12.188 -11.373 65.742 0.30889
-55.326 11.869 -124.629 0.29900
-122.115 18.345 -52.035 0.26559
9.496 35.499 -66.944 0.28051
27.881 56.550 -38.294 0.32794
50.790 47.186 -132.011 0.33877
-32.596 -19.120 -5.908 0.33665
-163.498 -32.130 -139.560 0.40647
157.777 -26.927 -112.617 0.27376
51.250 68.486 -0.617 0.28858
-145.620 -77.307 131.201 0.31145
149.037 61.480 -15.770 0.26463
3.253 67.217 -140.847 0.34013
-15.706 -1.919 68.931 0.32253
-150.447 -1.265 161.558 0.26475
83.721 2.461 100.496 0.33968
-35.119 16.340 -26.573 0.29507
172.172 68.018 -40.773 0.28234
165.735 -16.201 100.981 0.27961
146.802 -56.952 15.055 0.40325
-136.117 28.180 -119.328 0.32244
-92.935 -31.417 -30.184 0.26827
62.687 17.041 -91.355 0.32688
18.459 34.150 136.574 0.28770
82.563 -7.909 55.058 0.27432
-110.468 -9.846 83.225 0.32684
-115.110 30.204 7.407 0.31934
-21.009 -12.193 -37.652 0.27420
24.145 -5.241 -43.791 0.31527
96.227 -64.059 56.167 0.28592
103.489 34.054 121.185 0.27307
-84.247 32.367 -70.575 0.27125
-168.057 -39.417 -49.310 0.26652
-6.339 45.368 -134.462 0.30392
-21.882 21.988 -0.824 0.31757
8.493 60.272 -129.244 0.29675
-82.545 52.465 25.475 0.29366
128.532 -60.198 -49.523 0.28959
-160.786 4.080 -165.402 0.26920
-62.941 -15.859 69.918 0.30492
-163.215 -20.294 64.641 0.26268
78.926 -5.673 -35.924 0.29544
120.861 -36.505 -150.495 0.31559
-85.550 31.031 132.083 0.27463
93.022 -51.447 179.275 0.34185
-162.382 -55.113 111.897 0.29336
-26.362 48.368 90.086 0.29601
-116.880 21.602 -132.642 0.27637
111.308 77.810 4.648 0.28062
-3.065 -76.335 126.481 0.28832
-165.585 -28.857 98.852 0.28710
69.754 2.577 147.077 0.29028
-54.129 -47.327 -54.946 0.30156
-64.938 -16.002 104.388 0.32855
-28.029 41.257 78.130 0.31523
-51.853 26.358 -88.779 0.31639
145.935 6.633 -38.981 0.26458
105.768 -11.136 15.608 0.31893
-68.731 13.209 171.352 0.31482
-124.086 4.158 -13.925 0.27497
149.089 25.419 -137.730 0.29067
-146.112 -10.135 171.491 0.28706
-38.649 30.748 115.841 0.32190
-3.865 -22.033 21.216 0.28245
-85.489 -34.150 -103.630 0.27563
-60.177 60.676 -31.176 0.33844
127.292 -65.574 -37.237 0.29280
84.937 -18.252 11.136 0.28235
57.741 -43.709 54.386 0.30609
5.065 -73.420 163.320 0.29369
63.629 26.630 -100.998 0.29097
-153.921 33.585 -179.504 0.34590
100.512 -39.267 -19.503 0.28826
-94.332 -43.271 133.811 0.28233
177.460 54.678 -54.941 0.26760
-50.961 8.872 9.060 0.28327
-153.719 11.123 0.048 0.29089
83.293 53.874 -137.084 0.32144
30.959 -44.597 -64.701 0.31248
4.201 -43.089 172.253 0.35601
154.648 0.783 -175.264 0.29846
-115.414 69.616 1.414 0.29758
164.291 -57.769 -72.155 0.26426
40.330 -53.421 174.907 0.27319
-63.361 1.967 -114.135 0.33920
34.232 -19.325 57.269 0.29326
-53.418 70.017 70.597 0.29216
106.223 -0.704 175.291 0.29741
47.952 -61.733 130.310 0.30171
-168.442 48.226 103.393 0.26402
-48.573 -26.455 -78.074 0.31703
173.204 57.217 12.274 0.35016
18.118 -70.813 164.067 0.29499
-178.429 38.668 -37.743 0.28467
-25.782 8.765 -157.188 0.30692
-127.676 6.361 8.761 0.26424
49.568 -83.498 -2.350 0.30606
-35.977 0.039 19.497 0.29027
120.994 -35.754 -131.918 0.40549
-9.279 26.266 -101.302 0.29743
126.863 54.333 -152.976 0.38677
-37.116 18.587 -86.056 0.34828
-101.955 -15.934 137.355 0.36218
-63.839 16.957 -29.049 0.38155
-50.195 -20.284 102.923 0.36346
2.238 51.694 22.025 0.32004
-79.432 50.348 -122.596 0.28856
136.949 -1.210 133.075 0.27575
-120.073 26.019 -60.386 0.28726
-61.072 -41.320 -166.260 0.32107
-160.860 -17.998 159.531 0.30954
59.884 3.235 101.001 0.37299
-13.776 13.298 -5.210 0.30994
16.625 -81.246 156.579 0.29961
108.634 35.248 113.159 0.27907
-159.820 52.824 85.354 0.27948
-6.593 -53.048 147.193 0.27578
109.635 19.421 52.550 0.25232
176.764 4.679 177.776 0.32455
104.170 -53.882 -154.433 0.34451
102.238 -3.753 151.573 0.29877
-133.237 -46.377 18.421 0.36828
35.866 -47.350 136.946 0.32691
26.697 -39.080 116.426 0.30765
-48.277 31.893 -93.948 0.30825
-164.022 38.706 -166.111 0.35582
-178.839 -47.666 -40.531 0.28163
39.748 46.056 62.928 0.33816
177.829 10.537 23.061 0.32754
-51.635 53.373 52.746 0.33289
-111.725 32.705 -153.751 0.29172
-76.709 43.206 -55.581 0.28393
151.237 27.416 -63.343 0.30088
-176.241 23.351 -98.043 0.29680
151.963 -28.150 -86.237 0.30932
148.030 16.494 133.715 0.28296
-159.822 -9.820 71.862 0.29553
103.439 40.678 81.156 0.30048
-51.934 -63.661 -62.330 0.32338
22.923 -49.248 47.014 0.30719
-94.918 42.661 -90.392 0.29908
113.635 56.611 162.315 0.35937
-130.542 -33.025 123.152 0.40346
-103.316 -56.608 -72.159 0.28883
-104.609 -3.956 -35.607 0.25928
111.963 -19.072 76.137 0.27196
-117.523 11.535 106.411 0.37011
-164.731 65.662 169.999 0.37516
-14.992 -6.564 -77.681 0.31377
92.989 -10.824 85.296 0.31284
12.162 17.858 5.619 0.34883
-98.989 0.890 29.568 0.29359
21.744 21.844 -13.101 0.36216
-62.338 6.552 137.434 0.26579
-164.780 38.433 53.733 0.26513
-139.535 -8.577 123.426 0.32966
31.590 55.747 -79.878 0.28630
-3.522 44.103 129.417 0.25815
-102.438 -51.858 0.983 0.39058
-89.600 -33.469 155.265 0.33821
-64.788 28.536 168.818 0.31495
145.615 -8.979 72.319 0.32475
163.448 -57.448 124.895 0.27380
23.564 67.477 -61.945 0.28047
22.117 -64.166 119.674 0.30502
-156.874 78.428 169.316 0.33821
-8.130 -15.938 -145.166 0.33718
39.073 -22.285 -153.553 0.30079
72.009 19.024 -43.784 0.28070
-166.492 76.435 -16.250 0.31627
25.507 -27.399 67.545 0.27844
123.790 11.583 -151.117 0.27118
-154.356 -14.883 78.851 0.30092
-112.395 65.889 -63.757 0.32057
-178.921 76.793 59.823 0.27385
161.958 -10.975 -151.987 0.28732
100.196 73.688 -27.936 0.30268
-1.814 -29.573 -120.374 0.27466
-147.805 -15.692 -160.667 0.29742
41.006 60.718 -150.636 0.35372
166.247 15.108 132.725 0.28847
126.598 -17.805 -139.984 0.28992
-16.028 9.415 -90.282 0.33703
84.040 -5.723 -107.461 0.30186
-41.635 -12.348 -130.479 0.27573
59.113 48.593 -171.511 0.39021
-8.516 23.582 -129.657 0.28505
5.355 52.065 -135.523 0.30549
-13.920 49.912 -77.898 0.30034
-168.936 30.730 73.327 0.27684
-53.498 13.606 147.583 0.27613
-150.699 11.629 -100.801 0.31367
-13.509 34.077 69.605 0.30126
-4.941 -31.673 75.428 0.29601
-119.038 -48.858 54.829 0.30907
131.767 -4.498 78.584 0.28127
-33.945 50.815 -103.539 0.29421
129.913 -38.378 -121.026 0.37148
173.543 -23.798 -129.539 0.25698
137.455 -36.568 148.001 0.31560
32.811 -39.494 1.626 0.38476
-87.413 43.975 29.760 0.31888
-103.004 62.050 12.909 0.36239
66.837 -41.316 -39.759 0.30884
152.238 2.983 -168.051 0.29490
134.635 16.682 -118.821 0.29821
-116.627 -76.830 -29.976 0.31374
-10.188 -31.074 -103.628 0.29118
25.234 -40.226 -30.918 0.29185
-8.803 -26.359 41.058 0.25001
-50.505 -6.620 142.930 0.29190
21.264 25.391 116.354 0.27137
36.962 -2.340 -167.693 0.28574
74.410 8.704 -57.355 0.27041
103.571 73.073 -141.726 0.36882
20.539 52.436 76.628 0.31402
-36.174 -50.664 -152.798 0.28503
-114.568 68.890 98.811 0.30919
39.500 75.201 0.189 0.28682
-66.175 43.208 -172.301 0.40008
-167.994 -12.461 -122.662 0.34406
123.932 23.308 63.406 0.27679
-16.637 -37.555 47.883 0.28850
123.383 43.681 -3.243 0.30004
18.829 14.897 -42.195 0.40330
139.311 21.073 -164.287 0.29433
-112.450 -10.595 -129.156 0.26347
-46.631 8.488 -120.496 0.29786
-86.228 -23.241 161.666 0.33896
114.830 -19.144 -161.343 0.28847
26.272 -43.643 -25.614 0.29667
-35.926 -65.160 -83.521 0.28869
-5.286 -24.371 118.672 0.27328
-156.497 36.189 77.065 0.32033
28.657 -40.956 4.471 0.37441
108.234 28.459 -171.853 0.34957
30.404 -65.376 -156.353 0.31644
39.054 -26.556 -89.848 0.34309
64.360 62.644 94.761 0.28690
-77.346 -6.869 155.367 0.30911
99.036 1.399 82.052 0.31337
-7.660 26.395 -80.883 0.29893
-170.465 79.837 155.250 0.34427
-125.039 20.857 73.071 0.38875
-94.760 2.958 -176.399 0.32761
150.047 -9.231 -178.307 0.28015
-19.046 32.861 -98.520 0.27598
-78.400 21.212 38.846 0.30864
139.106 -35.559 -49.320 0.31461
123.609 9.789 40.541 0.26934
-1.605 -57.665 -144.478 0.28699
-164.361 -70.558 100.511 0.28244
102.561 24.312 -178.986 0.33939
169.144 26.090 -9.662 0.32328
151.319 -13.209 -175.617 0.29177
161.321 38.522 -58.100 0.28077
-167.722 54.801 21.590 0.28162
-165.563 -31.456 -137.066 0.38744
-167.856 -13.955 -29.721 0.25744
148.582 -4.535 95.744 0.38482
-45.609 36.664 121.444 0.34657
45.517 9.117 115.087 0.30764
46.215 -65.760 2.033 0.40428
124.002 -0.122 4.233 0.25768
-172.518 -79.756 165.304 0.30615
-31.192 -60.258 -91.857 0.28306
164.120 -17.781 146.564 0.37538
-28.425 50.887 -116.660 0.29344
-26.695 -47.219 -132.606 0.29345
-28.616 -8.641 146.263 0.32802
55.616 44.487 -137.566 0.32614
15.630 -11.061 -77.063 0.32913
-15.291 53.892 119.645 0.29154
99.426 14.847 -64.632 0.31171
96.609 -8.959 -143.557 0.32123
74.170 -31.140 8.992 0.34244
170.426 14.297 -114.882 0.30443
-18.763 43.910 -34.802 0.29797
5.919 19.662 -112.287 0.30700
152.649 48.805 -106.516 0.31329
-27.233 25.470 -144.456 0.30938
30.499 -57.363 137.484 0.30836
-64.400 -33.541 -135.040 0.41356
16.263 39.495 165.447 0.33690
-71.741 28.782 -96.016 0.28897
145.859 -29.044 47.707 0.31764
-81.342 19.318 63.657 0.26900
-176.625 -41.857 -20.821 0.29608
-133.539 3.903 -84.195 0.35722
5.605 42.057 162.327 0.31664
172.703 -10.474 -147.253 0.31550
-130.935 80.614 -102.696 0.31296
20.260 -35.828 99.319 0.30346
-136.571 1.429 77.509 0.33782
70.568 -14.053 -38.030 0.26543
-139.707 59.657 -34.766 0.33024
-29.937 39.863 3.610 0.32700
-128.793 -16.903 -173.255 0.29608
-135.860 20.009 94.521 0.34538
-145.725 55.192 117.084 0.31296
48.336 79.257 16.053 0.31787
-171.900 62.812 -166.844 0.40379
-20.615 9.868 -159.069 0.31812
166.930 84.263 58.613 0.27717
166.439 -71.684 163.299 0.31747
119.324 -21.736 -157.021 0.30238
158.625 22.182 -21.320 0.30218
-37.549 40.897 -110.253 0.31456
114.086 9.081 177.399 0.29565
36.394 -11.163 64.945 0.28610
-12.384 10.968 25.636 0.33494
149.859 -63.178 46.585 0.30889
169.131 -8.702 35.132 0.28759
-18.140 -30.425 -52.489 0.29868
179.027 -38.060 -28.191 0.27655
31.239 32.121 162.749 0.31860
165.904 30.364 71.129 0.30566
-145.058 -39.801 -91.060 0.31398
156.121 80.225 -43.649 0.30835
-170.887 -7.267 -108.701 0.31570
-117.391 -14.097 -150.721 0.28800
-139.307 -8.991 170.697 0.27718
-167.911 16.135 65.583 0.25371
108.329 35.749 83.514 0.29783
132.166 28.807 28.151 0.27272
106.124 65.857 103.632 0.27999
146.232 -45.305 -12.194 0.32083
-169.513 -24.154 -78.758 0.26714
-122.833 -26.785 -121.278 0.27000
161.714 -23.825 -66.827 0.29218
-83.171 -36.600 -136.809 0.33345
-120.732 7.879 97.490 0.40330
76.266 30.104 9.533 0.33175
-121.864 -11.468 -91.851 0.32705
-176.485 -23.474 -144.001 0.34021
-59.380 -6.651 66.620 0.29524
-147.555 13.415 146.971 0.27704
-31.783 -59.293 69.235 0.30484
141.670 -68.006 -42.363 0.30298
-92.443 -12.652 -1.791 0.31853
-156.725 23.142 -32.619 0.37371
78.776 45.347 177.211 0.37584
-173.920 -12.349 121.971 0.26200
-60.045 -40.869 125.796 0.31231
-130.779 -32.153 144.123 0.35663
53.473 8.990 -119.679 0.29596
142.325 -14.948 -158.587 0.28920
-122.487 -41.818 55.505 0.31657
109.072 75.507 11.109 0.27242
175.752 -44.388 160.491 0.32894
153.788 -55.132 85.573 0.28953
107.264 -33.008 168.651 0.29656
134.614 -40.987 -5.776 0.36140
-4.970 41.198 -167.783 0.38522
17.047 0.053 -91.180 0.35940
-69.152 10.179 23.028 0.31157
56.969 -6.737 134.281 0.32070
-99.021 -19.751 137.910 0.34124
93.726 30.885 -150.783 0.28979
141.555 -15.733 -167.082 0.29002
56.015 20.149 -122.494 0.29854
106.076 -26.266 -121.611 0.36768
-126.087 -76.351 143.933 0.31607
-73.597 30.488 -175.718 0.35355
23.900 -20.204 159.197 0.31405
-26.439 -21.264 -106.879 0.32922
94.008 21.700 171.439 0.31763
-137.142 61.329 -90.116 0.27380
-80.953 18.342 13.838 0.34166
-154.172 -26.232 69.119 0.28028
105.560 51.062 -160.303 0.38969
76.765 31.180 22.047 0.37721
30.974 -15.003 -39.666 0.30126
97.424 22.340 137.837 0.26983
-71.917 65.536 152.356 0.33284
169.480 -6.176 58.077 0.27892
-164.872 3.109 -131.434 0.27050
108.364 -12.376 3.870 0.30682
-115.308 18.319 99.777 0.34952
86.942 3.570 -168.587 0.31701
-19.125 -10.262 51.742 0.28911
-34.269 54.675 10.345 0.30468
5.661 -4.525 72.726 0.31689
9.067 28.213 123.979 0.25496
10.197 1.759 107.728 0.29123
-76.818 -36.953 -56.398 0.27739
-130.776 -43.790 -147.888 0.28580
116.115 -38.800 -126.743 0.38782
143.902 -2.330 10.230 0.25560
-111.798 -39.190 -48.293 0.30093
80.950 -36.018 162.793 0.36273
-54.401 18.942 14.494 0.29736
-138.895 -59.926 48.369 0.32195
160.476 -64.955 -4.259 0.38120
12.542 -23.212 -122.041 0.38178
-77.045 51.028 -174.233 0.40474
-83.567 -28.045 98.696 0.28226
171.870 23.870 18.167 0.36763
60.049 -32.257 -165.811 0.31521
-157.167 34.511 12.837 0.32629
113.014 37.347 -16.637 0.35562
-105.096 17.691 -152.318 0.29186
-86.124 -52.488 7.597 0.39350
124.201 -22.903 -174.398 0.29849
-85.563 -39.606 -151.434 0.37452
-58.624 72.616 14.510 0.28079
133.056 32.879 -27.276 0.30326
-101.754 8.591 -159.188 0.31312
-65.106 3.831 172.597 0.29922
-40.251 -1.574 3.127 0.29747
113.940 -62.286 -149.362 0.32847
30.757 19.180 -76.039 0.35172
87.155 49.558 52.697 0.26546
-164.270 7.159 -16.716 0.30803
81.836 -2.999 -14.647 0.31588
-29.272 60.760 -126.738 0.30324
138.184 38.031 4.703 0.32086
135.340 -57.517 -141.125 0.28874
176.139 -11.351 35.117 0.27054
116.860 -33.978 -115.527 0.36301
-143.187 36.825 70.921 0.35290
30.702 67.753 -140.555 0.32191
-136.959 13.063 -31.251 0.28538
-166.593 -9.197 89.702 0.30930
6.756 -82.767 -89.037 0.30109
-68.435 38.591 -148.128 0.31383
-105.104 12.709 -0.199 0.30309
-89.201 -33.512 -101.602 0.27315
32.927 38.227 170.236 0.35762
3.843 -12.918 65.543 0.27697
92.436 51.759 -149.349 0.34353
-68.195 9.527 71.747 0.26152
169.411 3.698 133.951 0.33068
23.081 76.049 -111.696 0.32423
-58.219 -18.752 42.908 0.28973
131.059 20.189 -23.098 0.28644
-81.479 -12.956 -4.079 0.29822
141.186 29.764 -150.927 0.30434
-27.380 31.226 -170.235 0.35915
-67.972 -15.104 134.844 0.29136
98.855 -39.030 -150.082 0.36988
-156.497 -3.060 133.958 0.26622
113.688 -18.572 83.433 0.28481
-158.505 -20.156 62.405 0.26365
175.473 11.411 32.322 0.34434
-31.478 48.706 14.020 0.31940
118.107 -18.297 30.765 0.28965
-134.712 23.714 -23.543 0.30406
100.304 75.470 -96.858 0.31366
-101.056 -11.217 151.585 0.35994
86.898 -23.135 -168.677 0.35558
22.180 -37.415 51.505 0.27956
-113.114 -15.748 -148.319 0.28135
21.257 -39.944 -102.924 0.31953
-102.032 -48.635 -120.877 0.27133
60.868 -65.478 99.291 0.25440
164.415 38.471 -117.707 0.28134
57.703 -28.823 116.980 0.36355
177.028 -29.294 52.818 0.27580
-151.713 71.798 -35.971 0.29471
141.975 13.745 -27.633 0.27633
-81.210 35.730 119.953 0.28339
-137.914 -46.099 58.058 0.33106
-1.117 -2.523 57.954 0.29603
-79.130 3.647 25.366 0.32460
91.745 31.925 -115.435 0.26824
158.392 62.736 -13.032 0.28473
-104.915 -39.583 139.291 0.34875
33.092 15.139 177.279 0.31646
53.582 -38.198 156.444 0.31279
-86.110 48.468 36.547 0.28796
-104.925 -19.673 121.146 0.36012
-79.247 26.620 107.427 0.31139
92.134 48.596 101.337 0.27858
-5.416 -36.709 -2.377 0.38360
-173.259 27.277 -70.508 0.25933
83.906 6.587 66.780 0.32628
-67.049 9.842 130.924 0.26268
-125.505 -68.486 -113.075 0.28703
-45.930 -32.994 110.453 0.34622
80.800 42.773 -38.902 0.30456
-160.594 37.465 139.531 0.28543
64.793 19.384 -173.813 0.33946
-83.279 -21.286 -154.423 0.39220
107.576 -55.265 -50.559 0.27735
15.086 33.901 46.245 0.28911
-64.091 21.641 -54.630 0.42714
59.190 35.014 -44.922 0.30213
137.847 -26.289 63.525 0.33618
47.999 -53.369 85.769 0.27148
-123.964 -8.501 40.008 0.29287
39.106 38.561 16.850 0.32302
-111.464 -44.560 -88.622 0.26968
43.993 41.348 105.215 0.31324
100.398 -54.831 -176.404 0.32029
178.341 -42.305 58.014 0.27205
112.485 -18.677 146.230 0.29512
-165.307 -15.204 -79.290 0.28117
138.970 -7.785 137.093 0.28358
145.946 18.255 -44.677 0.26120
24.676 18.557 -53.951 0.43203
-104.188 -50.527 -63.623 0.30920
-153.065 7.124 -150.856 0.27471
80.643 -0.463 112.830 0.33165
87.218 -28.146 -17.383 0.28178
-126.373 59.250 -64.586 0.29960
-167.204 10.677 178.058 0.31164
29.621 36.143 119.221 0.29542
179.784 9.678 56.508 0.31096
162.404 -52.046 -137.043 0.26875
-170.827 54.202 -147.126 0.35475
-22.632 -53.773 -106.457 0.31560
158.127 46.333 -141.035 0.32772
-142.714 -34.072 -110.551 0.33346
-177.121 -8.886 -58.157 0.28298
-94.777 3.312 -96.598 0.31199
87.792 58.467 -31.675 0.27559
32.047 -24.524 124.136 0.29806
-120.678 -42.322 -26.071 0.29367
62.520 18.773 -147.829 0.30982
111.637 -26.770 -152.191 0.34778
47.113 12.849 97.637 0.35556
96.814 5.570 -178.646 0.31231
179.087 16.087 154.928 0.30949
-95.556 22.937 -12.653 0.34514
-124.450 26.180 -106.655 0.30307
-112.248 -54.504 -4.860 0.37723
85.821 -30.583 142.017 0.29436
156.739 -65.419 -69.947 0.27091
-122.123 -51.694 -161.412 0.27582
-109.404 57.679 -173.184 0.40742
113.439 31.381 43.848 0.28184
-51.756 32.939 170.755 0.32721
-25.607 -12.183 -113.208 0.27253
120.082 47.912 -63.476 0.27519
-69.107 17.646 16.059 0.32072
160.056 64.488 -164.946 0.40411
-79.641 -20.936 -96.461 0.29746
151.340 24.666 -21.200 0.29604
-106.689 -5.001 169.289 0.31425
-122.819 54.939 -152.324 0.35859
-71.956 38.211 -64.816 0.27951
79.061 -68.299 -22.128 0.32248
3.478 8.434 -20.054 0.34943
16.910 -5.098 -124.648 0.35872
-8.320 -13.522 -54.618 0.29351
80.889 26.722 131.585 0.28904
-172.542 -49.444 125.925 0.26489
-137.885 -42.963 42.744 0.33413
-43.273 69.399 142.497 0.30765
-128.354 -63.659 6.978 0.40786
-51.762 56.799 34.399 0.29741
-160.438 -32.900 75.485 0.27183
-37.723 76.593 98.399 0.32043
-37.973 -43.373 -45.803 0.33467
-24.201 43.795 -57.463 0.30361
-85.777 46.046 129.173 0.29519
-81.008 -22.694 -164.935 0.37675
-88.335 16.733 139.593 0.29028
-33.364 31.141 169.972 0.31050
-98.103 67.395 -44.062 0.28861
-161.083 -21.367 101.017 0.30805
133.724 1.891 160.213 0.26580
-146.824 38.920 158.277 0.30199
132.040 -47.814 100.860 0.26874
88.459 9.541 8.621 0.33453
149.988 59.519 123.673 0.28796
28.755 24.329 61.193 0.27264
174.515 65.995 46.651 0.26905
165.921 -14.280 -55.300 0.26770
-111.996 40.928 -15.983 0.29289
-33.713 0.795 -78.256 0.37060
-68.505 -44.882 101.070 0.29998
5.986 29.795 -113.675 0.27790
50.255 -20.251 -73.676 0.30215
83.465 -21.377 91.470 0.28175
0.713 37.518 -130.703 0.29038
-20.181 14.100 33.082 0.34589
-63.332 42.601 147.987 0.32973
-1.996 34.255 93.074 0.30459
-122.437 10.948 -98.958 0.26574
176.345 62.335 161.339 0.34532
99.555 7.911 43.402 0.28496
149.124 -49.958 -97.501 0.25303
78.243 -19.196 -129.657 0.27776
-59.258 -3.330 -93.501 0.40240
8.879 64.484 152.916 0.33453
-11.942 20.464 169.771 0.27372
-77.852 23.306 -179.833 0.33462
136.206 3.682 136.263 0.27564
38.159 22.730 141.799 0.29701
-172.637 8.552 -85.785 0.28868
158.347 33.979 178.578 0.34566
49.752 -73.286 -91.303 0.29264
169.161 6.549 -47.109 0.25622
-84.508 83.284 98.605 0.29202
-117.293 -51.675 46.990 0.32103
100.367 49.283 29.932 0.27609
-138.528 51.666 100.818 0.30208
6.920 -3.572 124.070 0.28413
-17.844 35.299 117.947 0.28783
142.042 -11.977 -176.884 0.29526
10.206 52.268 -121.099 0.29192
-76.532 13.345 -78.166 0.33054
-150.794 72.810 -111.497 0.31745
118.139 33.090 168.637 0.32475
173.830 -20.617 74.470 0.29765
34.882 -23.683 118.231 0.33117
117.421 23.140 -20.658 0.32681
-37.013 -17.114 -55.935 0.30930
-61.784 -37.087 47.687 0.31714
90.847 -23.107 163.907 0.33621
124.750 -54.799 14.723 0.38892
112.379 -49.542 39.339 0.31307
112.042 -65.435 1.246 0.36168
6.792 52.454 -97.497 0.29127
92.753 35.638 142.246 0.27772
79.944 21.573 2.997 0.30414
-41.383 27.834 -111.643 0.31535
80.959 -13.649 -111.788 0.27354
-95.059 56.558 -75.159 0.30508
123.166 -15.780 -131.428 0.32826
141.296 20.391 175.856 0.29957
98.665 28.363 -143.431 0.28841
140.254 36.589 -92.355 0.29491
101.209 8.334 107.300 0.30876
-29.006 -53.561 -32.000 0.33116
-157.264 73.949 96.974 0.28532
13.333 32.883 -103.309 0.29473
125.153 -27.365 -75.782 0.32272
-103.400 1.693 141.589 0.33456
166.014 -25.382 -45.957 0.26694
-114.397 -9.772 124.865 0.42189
145.453 44.119 -106.483 0.31219
-159.815 -42.185 -4.560 0.35051
-155.200 -33.218 57.426 0.29050
-2.178 -36.368 -49.202 0.28426
70.205 -62.120 -22.370 0.33011
125.231 -15.837 69.197 0.29497
-34.972 47.300 12.819 0.31323
85.602 70.255 -115.856 0.28917
-174.739 -66.977 94.692 0.28735
79.481 -53.134 -160.431 0.28651
-156.521 23.149 -170.342 0.31144
84.444 0.725 -77.721 0.29098
81.277 -41.906 42.839 0.26286
176.507 36.488 59.202 0.28332
-10.036 4.102 18.703 0.31058
132.579 -11.434 -60.047 0.30618
-46.708 -39.774 72.711 0.32875
93.714 51.475 3.703 0.36079
3.305 -23.419 62.795 0.25891
37.791 -33.808 11.719 0.34795
-36.089 -65.135 -60.989 0.32031
-134.349 -68.456 135.377 0.30951
157.319 -72.767 166.790 0.29185
95.509 59.607 27.901 0.26881
-40.736 62.334 -137.931 0.32006
155.414 -5.044 -9.595 0.27608
145.252 0.890 8.749 0.26273
-92.954 -13.129 87.119 0.31343
170.385 -8.075 112.479 0.29291
-172.315 -9.866 6.625 0.31725
106.085 23.191 139.451 0.27450
164.887 -63.891 -147.739 0.25088
-73.213 64.696 62.846 0.30654
-137.907 -21.552 -41.390 0.30400
-5.337 43.232 -17.303 0.31225
66.379 -36.716 -29.170 0.30311
-45.060 12.401 72.351 0.36585
118.705 -34.730 -12.143 0.30243
-24.231 -21.422 -28.893 0.29659
-93.110 -33.466 113.265 0.27800
-156.879 42.242 172.149 0.34290
-48.431 21.447 130.097 0.31201
132.570 51.983 -156.411 0.39109
69.924 19.616 50.984 0.41021
2.513 -43.922 -14.435 0.34935
-58.930 -44.455 -144.685 0.37194
109.617 -33.487 8.722 0.35019
-6.254 2.463 88.993 0.35252
152.500 5.606 84.237 0.38532
9.056 32.444 -7.759 0.41161
-133.765 54.641 -5.525 0.29417
29.235 56.701 -147.934 0.35499
114.520 -43.000 73.366 0.27770
17.881 31.728 2.601 0.34881
39.622 20.548 -115.805 0.32775
-144.607 -18.982 97.041 0.33324
37.519 -62.505 -119.335 0.29061
41.671 49.744 103.663 0.30973
-103.118 -37.303 82.003 0.30675
-71.504 -47.913 36.403 0.32189
-135.646 -2.731 -38.374 0.31214
-118.108 7.400 6.409 0.27616
78.413 30.742 22.552 0.37907
42.778 22.482 173.996 0.31747
-114.023 -15.363 87.758 0.32007
119.199 -10.039 -8.064 0.26180
-118.271 -40.512 -19.496 0.29143
42.263 26.445 91.706 0.31360
-56.473 30.214 74.000 0.33581
66.161 4.760 -113.056 0.29481
-30.825 -70.284 -118.071 0.29537
78.201 -45.879 126.382 0.26238
-104.711 -8.276 172.376 0.32586
58.479 5.685 15.265 0.27933
-149.427 -6.356 -59.448 0.30637
117.613 -15.166 35.462 0.28413
-69.257 24.191 120.663 0.29047
-110.075 4.525 -22.212 0.27474
3.961 4.642 -63.128 0.32096
116.937 14.631 176.342 0.29663
12.032 -54.066 21.209 0.38199
176.980 25.670 -61.703 0.26598
58.273 -52.746 -78.702 0.27739
-16.084 4.018 -174.018 0.32757
168.975 22.899 -108.854 0.29159
-15.491 57.633 -78.708 0.29469
-5.630 6.494 87.954 0.35519
-78.077 6.389 136.903 0.29068
163.889 4.156 169.643 0.27222
167.013 15.475 -150.143 0.28195
-12.579 15.155 77.378 0.34810
-96.343 7.344 -30.771 0.31213
-102.048 41.994 -142.276 0.30156
122.722 -48.232 -129.604 0.35144
-34.927 -16.246 -143.204 0.28541
138.969 -7.588 -147.755 0.28166
-111.660 -63.287 -127.698 0.26549
-73.871 27.651 -127.838 0.29571
-41.740 34.166 -108.548 0.32348
-178.054 -54.056 -40.473 0.28615
10.124 -15.828 63.796 0.26725
-155.657 -13.939 168.425 0.29165
79.094 28.556 62.965 0.32446
70.645 0.068 79.977 0.32793
-165.264 10.847 -33.059 0.35362
-64.504 -67.951 -89.766 0.30105
99.443 -14.332 -107.687 0.32042
70.962 0.768 88.582 0.34115
-48.452 -56.095 121.642 0.31381
-153.168 11.302 -147.588 0.28331
82.551 38.608 66.051 0.28172
-12.495 -39.776 -57.646 0.29182
28.494 -35.438 -9.405 0.33222
166.311 -11.966 -68.750 0.29708
-88.615 75.493 91.622 0.30336
-103.979 21.900 -106.019 0.29943
62.152 -34.490 -92.026 0.30714
-103.711 -19.910 138.064 0.37160
145.673 -29.812 50.654 0.31684
-97.626 56.722 -139.529 0.30811
-26.452 35.180 -129.224 0.29867
-120.370 22.543 -135.300 0.27753
-115.037 10.812 126.169 0.32678
166.826 -16.142 117.796 0.29506
-151.250 -19.411 22.914 0.31329
-98.926 -28.353 -89.752 0.30628
61.444 -19.497 89.701 0.31183
-89.164 73.437 66.588 0.29432
108.117 -30.984 -61.302 0.29805
87.605 -13.185 -70.540 0.33101
82.828 -1.691 1.513 0.29482
-133.767 73.226 -50.937 0.29312
-150.425 -43.033 70.837 0.28562
-152.558 3.304 -146.400 0.28360
-158.631 19.144 64.811 0.25854
26.451 -15.752 -149.511 0.31302
-124.814 35.276 -34.393 0.29920
-158.159 27.409 160.471 0.30577
8.297 -35.133 -71.997 0.30920
-37.955 46.689 -140.603 0.33348
-27.222 -9.910 -129.650 0.28157
23.540 27.593 -31.428 0.40103
-178.806 42.937 14.099 0.36014
73.660 -19.863 -78.912 0.32519
113.773 11.876 -150.082 0.28431
-56.734 -6.393 4.621 0.29280
173.242 -12.675 -113.564 0.27585
-98.434 86.088 46.437 0.30191
160.314 -41.945 -60.880 0.27964
175.814 27.844 100.610 0.29057
-147.335 -18.851 -141.471 0.31078
165.279 65.644 117.820 0.27112
-26.787 -24.339 -109.931 0.31557
175.750 -21.613 -74.882 0.29689
8.071 -44.177 53.067 0.28226
102.102 48.819 52.204 0.27683
28.059 -12.432 -165.141 0.29541
-1.416 -20.751 70.991 0.29011
111.911 69.943 108.603 0.29783
-26.964 -10.491 80.651 0.32873
-27.949 5.721 45.527 0.32491
-120.670 37.383 -151.588 0.32704
174.376 3.838 31.632 0.29115
167.334 9.921 156.876 0.28487
103.701 5.521 -15.658 0.32081
-13.982 19.148 -173.388 0.33423
89.748 15.400 -57.790 0.29235
-72.997 -33.795 -169.597 0.34945
12.958 55.463 -50.556 0.28285
20.564 62.604 -165.805 0.42446
-29.776 54.387 82.954 0.29565
-167.454 -32.909 108.439 0.26548
-27.127 9.315 -158.515 0.30507
39.075 -27.556 -35.506 0.30567
17.421 19.893 -126.340 0.31165
90.627 -53.973 100.814 0.25199
-85.318 -10.985 44.493 0.27754
53.621 -51.185 114.535 0.26112
71.673 -38.057 -92.834 0.28121
-130.087 -44.359 -135.008 0.28464
62.751 -3.702 -173.623 0.30416
34.828 19.142 -83.641 0.34538
-76.877 -14.005 -51.162 0.28579
152.542 -4.678 -124.237 0.28204
21.284 27.237 -118.717 0.31765
-69.975 -38.272 -101.221 0.29729
95.113 69.701 138.222 0.29737
-44.711 -7.453 -57.652 0.32460
-164.870 -31.733 144.414 0.29448
100.242 -20.835 -140.758 0.38154
45.066 6.855 95.314 0.36797
-139.426 -11.515 18.012 0.26917
10.854 59.698 -86.828 0.28855
148.473 5.100 165.240 0.26733
110.542 -2.489 60.197 0.28726
128.879 9.505 56.597 0.25891
-114.523 71.513 160.770 0.34900
86.998 13.502 43.460 0.35246
111.572 67.593 -8.958 0.31716
-152.847 9.977 29.488 0.27240
140.066 31.333 -145.592 0.30411
99.605 -75.104 95.705 0.29808
-12.202 -65.009 -1.717 0.36762
-105.089 23.350 -145.921 0.27168
-43.558 17.562 -126.018 0.29813
-47.811 1.960 57.379 0.29557
20.407 6.423 130.297 0.25484
172.792 22.324 23.966 0.37401
-113.108 -49.410 -56.328 0.30676
38.735 -16.274 -157.614 0.28788
115.473 -42.395 -169.387 0.29822
15.275 34.715 91.594 0.29870
-164.895 40.710 -75.433 0.27657
50.012 42.253 -32.162 0.33109
54.567 -24.411 40.250 0.29568
-31.035 -12.990 13.895 0.28345
-29.593 13.190 16.159 0.29388
-149.821 -43.550 -158.451 0.31079
36.543 83.811 -174.170 0.31493
-134.085 50.182 -5.756 0.29860
51.921 25.477 142.683 0.28531
-113.059 -6.787 -41.492 0.26564
174.267 10.699 -143.189 0.27638
18.971 81.622 -61.864 0.31878
-64.745 15.099 -9.691 0.30383
-90.091 19.384 31.457 0.38852
89.103 78.640 -150.406 0.34375
-72.682 49.857 -108.723 0.29466
-148.627 -64.967 -139.405 0.30343
158.553 -69.568 145.271 0.26156
-40.052 7.002 -52.008 0.31219
-79.465 -12.873 -132.958 0.38244
177.812 38.784 -99.011 0.28798
79.916 26.511 -137.922 0.29513
-64.252 6.690 19.694 0.30617
145.478 -3.684 -60.488 0.27588
-164.758 77.920 168.732 0.34764
-69.315 45.479 -136.007 0.29432
142.672 -51.523 174.552 0.27622
104.115 6.292 131.349 0.27002
154.265 -1.212 120.366 0.35022
-18.978 13.560 38.834 0.35378
-84.683 45.361 -133.951 0.28045
53.016 85.060 -104.343 0.32664
-17.294 28.640 -10.668 0.32820
148.754 1.444 -147.223 0.27538
4.560 15.458 -34.022 0.35724
-68.178 65.533 4.021 0.27063
95.139 -27.681 154.570 0.30024
-84.295 41.291 38.158 0.29063
97.413 41.355 152.669 0.28594
22.319 33.833 156.188 0.30407
177.421 28.701 -102.934 0.29434
69.039 -6.688 -80.371 0.32169
-56.865 -61.318 -78.826 0.30269
94.268 -21.908 -135.565 0.34881
-116.420 -28.872 87.428 0.31796
64.863 -10.336 -37.406 0.26593
40.154 -63.365 130.843 0.32356
34.003 -37.048 -82.473 0.31623
149.870 -15.571 -34.584 0.25063
9.858 -18.837 154.049 0.33155
161.662 -16.906 96.919 0.30153
1.614 -29.631 64.791 0.26921
-100.991 -12.388 119.473 0.36108
-26.612 53.312 -14.214 0.29570
-149.575 51.552 15.225 0.29052
-47.037 52.505 161.604 0.35056
-89.267 6.289 84.716 0.34480
3.808 31.489 -127.289 0.29549
61.811 -18.799 49.514 0.30026
-9.297 55.937 101.237 0.29919
121.127 65.722 121.806 0.30112
166.474 -23.651 -45.435 0.26349
105.674 -14.505 -87.623 0.32521
119.104 7.548 179.756 0.29216
3.907 -3.200 104.856 0.30366
49.927 -34.421 -83.369 0.31267
-94.685 27.651 -155.264 0.28539
70.994 -53.648 -40.409 0.31688
-168.823 -49.151 -128.317 0.28239
-146.032 -61.390 110.615 0.28251
-148.205 64.714 -159.724 0.40106
-47.050 -41.853 155.551 0.32322
141.662 76.077 -101.650 0.31643
151.904 51.728 -70.280 0.31242
-59.707 66.150 43.991 0.30437
-153.558 -6.290 40.697 0.26964
150.623 15.571 -109.413 0.29149
83.219 -21.411 95.416 0.27569
166.957 -53.618 27.678 0.35066
76.116 -6.360 -149.003 0.31827
-16.125 -45.083 -120.767 0.27731
146.176 -16.767 13.384 0.25848
100.839 -41.523 139.582 0.28277
141.538 10.282 126.218 0.29099
144.326 82.334 -152.471 0.34259
5.353 -0.654 -176.260 0.31997
105.641 14.245 8.192 0.29622
-117.813 40.890 -170.255 0.37490
44.699 -20.133 170.763 0.31190
-83.617 -83.095 25.660 0.32922
-82.807 -59.351 -2.477 0.38580
149.703 -30.569 -19.564 0.28940
16.574 -17.479 131.242 0.28134
55.531 -19.696 -4.311 0.30109
90.724 -6.885 -103.473 0.31828
9.239 -51.881 -97.223 0.29199
160.027 84.377 21.083 0.31397
-29.782 38.741 -72.364 0.34068
-68.398 2.805 30.860 0.29425
-58.777 -63.015 -38.928 0.29012
-1.584 69.901 -160.170 0.36565
-177.275 -69.578 13.009 0.37894
-116.956 49.276 -150.994 0.35363
70.677 27.818 -17.276 0.31337
59.089 0.813 148.477 0.27614
-115.743 -37.690 97.407 0.30931
-12.430 58.834 147.636 0.31651
-85.698 33.481 -121.616 0.27279
87.302 -7.618 -25.049 0.30102
85.979 0.590 -61.050 0.29285
78.103 19.492 17.858 0.32987
162.877 -26.822 -173.188 0.31947
-97.638 1.010 -112.184 0.31580
-152.931 -51.262 -141.306 0.34321
-5.267 -35.371 -57.813 0.28520
7.131 -12.205 13.312 0.32313
-129.772 8.540 -53.099 0.28437
-154.732 -74.706 107.163 0.28060
43.307 -74.205 73.560 0.28658
-133.818 -46.502 8.776 0.39882
-32.856 14.005 22.024 0.28320
-37.706 -1.777 124.380 0.34523
-81.735 -27.502 -135.695 0.38642
-110.476 21.585 -178.803 0.31266
58.968 -83.683 170.051 0.29091
45.341 -30.145 40.421 0.30440
-145.811 47.305 125.087 0.31245
66.755 -57.727 73.140 0.29715
171.497 -82.894 -122.032 0.27391
70.853 44.408 149.269 0.26890
-5.838 -21.173 -120.710 0.27441
118.201 6.996 -20.942 0.28008
0.770 -63.444 15.812 0.37251
-116.843 63.004 76.827 0.27844
-58.943 8.331 -12.140 0.29209
20.041 -70.390 -20.224 0.34447
146.299 63.797 67.974 0.28181
-169.669 -85.550 -35.347 0.28659
-99.719 -4.201 3.841 0.29468
76.186 69.841 13.809 0.33188
-35.226 55.813 112.337 0.31418
176.321 55.557 143.945 0.30430
-5.952 -42.426 103.933 0.27750
-16.174 -4.656 -102.920 0.30133
153.946 8.582 62.636 0.34643
-128.852 66.599 -111.127 0.30283
21.228 69.449 -172.284 0.38946
-175.271 -17.830 -174.382 0.33071
-59.235 -2.295 -71.027 0.37655
120.185 47.013 -7.079 0.30407
164.500 7.680 -52.145 0.24899
-19.598 -9.398 13.964 0.27712
22.042 21.274 -124.277 0.32003
-123.794 31.521 163.075 0.27580
-122.467 -30.454 179.854 0.31022
62.004 8.605 77.595 0.38344
-153.608 -5.866 149.256 0.26449
104.234 30.262 152.128 0.29671
124.483 -55.599 171.987 0.26142
56.813 55.567 -0.112 0.29730
41.736 12.383 -39.649 0.31783
163.809 -23.982 78.760 0.29964
8.810 49.222 140.101 0.30681
121.160 -15.687 -167.400 0.28668
7.759 26.383 -162.659 0.30363
55.585 1.033 -124.292 0.28255
3.303 -10.146 82.728 0.32260
-18.814 45.475 -16.043 0.30403
-148.008 49.724 -67.888 0.25171
29.673 15.726 78.618 0.31730
-171.094 -27.604 -23.809 0.24773
157.816 -71.515 65.047 0.30574
-2.121 26.964 -129.707 0.29632
138.496 -25.608 86.841 0.29259
-36.281 -5.741 -61.006 0.29295
63.522 32.041 49.738 0.39777
-121.440 42.472 148.887 0.28834
-138.684 -47.887 -9.082 0.36729
-23.058 -6.845 -126.695 0.27754
111.977 -53.168 59.580 0.29914
14.378 8.492 -12.800 0.33043
-52.024 -22.397 -100.059 0.36479
51.301 14.583 -27.346 0.28047
20.669 22.315 7.715 0.31689
6.198 2.137 -51.071 0.33312
-100.422 32.813 -81.946 0.30357
-22.802 -34.072 -38.793 0.31549
-53.770 -66.468 -77.173 0.30719
129.640 -53.862 40.892 0.31630
-91.347 -14.214 7.850 0.29975
-49.086 58.893 -56.613 0.29066
26.702 -47.362 83.418 0.27005
112.999 -3.676 -168.876 0.26181
22.551 57.211 -93.010 0.28889
7.877 29.964 24.713 0.33720
-68.266 -6.632 -89.515 0.37617
-14.759 4.232 -63.327 0.28666
15.768 11.564 -157.576 0.28336
40.769 12.685 161.083 0.28729
-109.553 -66.879 166.124 0.33722
82.741 -70.782 20.961 0.37370
32.831 -63.897 46.148 0.29325
51.704 -78.157 -81.620 0.29037
-147.507 -83.644 -122.900 0.28320
-66.977 81.281 59.344 0.31608
153.985 40.910 -48.425 0.29001
179.359 -3.135 31.014 0.29397
-156.491 -21.173 -91.527 0.30607
-143.485 -23.806 93.535 0.31471
155.123 24.777 104.951 0.28957
-17.794 -49.901 103.185 0.28325
6.539 -25.861 102.006 0.28133
-111.424 21.556 135.973 0.28316
-25.423 38.597 125.323 0.29572
-11.829 -60.783 155.290 0.30071
97.890 -83.687 -132.355 0.27160
-102.140 -66.958 -146.225 0.26113
-80.479 2.414 -28.244 0.33907
-154.576 30.016 -58.517 0.32901
116.308 4.163 58.717 0.25587
-70.282 2.280 -48.837 0.37177
-146.668 -26.080 45.591 0.29219
151.180 12.759 124.636 0.28467
154.530 28.277 117.841 0.30506
114.757 12.277 59.197 0.23856
75.179 20.325 -27.065 0.30491
61.057 -27.909 -170.154 0.31812
149.086 61.626 108.523 0.27606
81.301 34.144 -119.222 0.27843
-111.756 -27.236 -54.976 0.27515
139.232 -20.476 -55.701 0.29940
41.452 -8.058 152.508 0.29510
59.336 -41.395 -170.138 0.31684
-102.385 -58.262 -90.266 0.29036
166.230 -29.209 90.742 0.28597
9.625 -18.343 -109.487 0.33049
-131.645 -35.595 160.965 0.32253
103.578 12.021 -134.428 0.28383
-129.930 76.228 142.064 0.31109
110.341 6.976 22.288 0.28458
81.192 10.110 102.788 0.32973
-88.371 46.561 -124.956 0.29033
4.682 66.936 60.340 0.29503
-38.431 -25.936 107.304 0.33858
2.502 -11.979 -120.913 0.33545
-32.217 -40.117 20.032 0.32875
-136.737 1.418 -81.957 0.35663
107.720 73.996 -20.971 0.32047
169.119 -16.389 11.650 0.28219
-28.872 46.644 -88.131 0.27987
-42.702 41.122 -176.264 0.40429
-81.623 30.463 -71.724 0.27712
-118.965 20.119 35.320 0.32530
-70.324 49.813 143.320 0.33391
107.439 8.819 -49.980 0.39590
-20.850 -82.904 160.808 0.33552
124.991 52.161 127.742 0.30827
112.539 -47.444 123.897 0.26734
175.160 53.193 -28.330 0.25944
-62.122 27.980 -22.263 0.36527
179.712 -71.914 -49.925 0.27813
-61.457 -5.092 132.156 0.28262
-5.428 5.056 22.420 0.32661
74.840 47.475 -52.001 0.28375
-1.799 -58.166 -85.622 0.28499
23.967 -57.802 14.877 0.38282
-124.362 16.494 83.485 0.40280
147.216 -23.347 -67.580 0.29961
59.449 -23.356 -0.486 0.30993
109.767 5.940 -69.028 0.38134
40.279 -0.254 54.808 0.27537
59.581 -11.335 71.467 0.32263
-106.211 35.402 13.169 0.34121
-83.782 -23.086 24.102 0.26524
168.333 44.597 130.237 0.27893
-33.303 -24.282 -150.415 0.30563
-125.301 27.593 -25.455 0.30221
-1.168 28.513 130.940 0.26123
-163.576 -65.649 60.418 0.29337
-158.491 66.052 56.598 0.30575
-95.228 36.389 -13.549 0.33638
-145.887 28.384 -172.758 0.32804
15.451 -34.007 9.568 0.36900
26.978 29.417 -170.074 0.33794
-67.433 -19.099 164.759 0.31460
17.348 -17.609 61.321 0.25617
-99.460 5.482 179.806 0.31191
-72.693 -65.228 101.454 0.31234
-111.860 -67.018 97.375 0.31214
5.863 33.415 -50.482 0.30828
-88.590 9.354 -165.917 0.29018
-143.918 -14.356 -130.463 0.32591
-9.434 -12.634 -117.395 0.29680
-136.940 11.269 -30.122 0.28556
118.422 37.118 45.780 0.27545
164.552 -25.172 -172.711 0.31472
-99.098 1.928 -106.108 0.30711
25.246 9.242 -134.768 0.30107
-148.240 13.207 12.897 0.28361
120.890 -64.190 -113.757 0.27619
106.242 30.217 24.954 0.31542
-162.032 -28.948 41.937 0.30027
3.454 -57.851 -103.974 0.27438
-53.990 -14.105 -18.045 0.28206
-66.386 -9.869 21.819 0.30689
130.712 85.870 148.994 0.31953
-159.691 33.905 -160.739 0.31967
135.835 43.934 -90.748 0.28963
65.630 10.712 -108.501 0.30653
165.358 52.440 -175.277 0.40954
-24.042 31.434 -87.348 0.31245
-81.652 30.890 137.558 0.28855
81.974 -45.122 -120.511 0.26917
-33.499 65.304 101.298 0.31825
147.786 50.822 141.036 0.29665
-136.639 22.017 -176.655 0.32268
10.128 -31.573 14.883 0.35296
168.011 40.728 66.553 0.29021
12.421 -37.900 -29.923 0.27815
159.787 79.117 127.597 0.28789
70.645 6.883 57.382 0.34955
33.399 59.918 31.531 0.28924
-65.672 10.381 -16.421 0.31335
-54.238 -34.098 -163.973 0.32476
-102.451 16.139 -173.938 0.32245
161.605 5.381 -56.427 0.24962
159.930 -40.530 -93.387 0.28707
-11.373 84.619 90.927 0.34083
141.689 -38.503 -148.367 0.26654
166.026 40.359 109.550 0.27179
-53.957 -24.387 5.870 0.32896
30.778 -71.323 -126.576 0.28823
-32.612 1.231 144.416 0.28142
0.126 -16.404 -35.615 0.27516
29.351 -13.704 2.231 0.30810
-101.938 31.740 10.068 0.36729
-98.956 -59.928 -132.609 0.26340
36.700 -61.502 -39.735 0.29625
-154.036 20.124 2.823 0.30749
121.091 30.514 9.902 0.29991
26.711 -20.727 -99.585 0.37422
-90.635 -12.556 -125.013 0.33537
-96.784 3.097 55.785 0.34460
-63.106 14.529 -176.921 0.31072
78.912 -50.999 -94.780 0.26278
-68.677 -50.880 -58.243 0.29106
172.549 11.935 98.029 0.29541
-151.564 17.712 -87.717 0.30736
162.282 -27.403 19.773 0.29980
139.210 70.806 -79.624 0.28764
-94.099 -41.594 129.553 0.28968
-109.182 -34.395 -84.752 0.28480
-104.925 -38.109 -121.035 0.28367
160.498 -10.108 111.217 0.34876
-50.986 23.265 120.928 0.30857
28.980 20.478 148.042 0.27756
106.654 -33.432 138.271 0.28113
-88.665 -16.091 95.819 0.30231
80.789 -0.181 71.146 0.31220
-39.576 -18.125 -169.781 0.31031
52.881 -22.716 8.929 0.29910
115.719 19.720 136.173 0.27924
-152.308 -3.757 167.696 0.28421
-38.457 1.293 -57.539 0.30662
-114.662 27.118 15.440 0.31862
-105.074 12.168 -130.426 0.28080
-38.559 13.066 10.948 0.28197
35.292 0.611 31.225 0.25850
66.811 -50.857 15.103 0.39740
167.808 49.894 -162.728 0.38965
-31.669 75.200 61.694 0.27014
-65.750 -40.521 137.458 0.29217
55.013 31.228 -100.119 0.30054
128.413 -38.134 113.866 0.31291
52.582 -43.312 -171.164 0.30552
-51.808 -27.816 -50.533 0.29461
-123.641 6.440 -142.605 0.26637
-88.381 46.353 -146.832 0.31880
-67.408 -25.959 -3.671 0.32660
145.701 6.938 159.972 0.26470
-174.751 -40.685 -179.569 0.35192
-158.831 76.021 -72.264 0.28974
-131.751 -76.058 -114.515 0.27316
-151.795 -67.201 -177.423 0.28619
1.423 72.927 146.783 0.31914
-149.762 65.876 150.922 0.32519
68.411 -11.750 -134.605 0.28145
129.010 27.708 3.273 0.30317
-137.814 6.873 35.385 0.27107
-149.492 -58.099 -56.149 0.28101
-101.484 -67.056 161.170 0.32184
174.565 -11.623 -158.680 0.33190
-93.179 -60.716 -95.110 0.29183
15.200 -61.051 -170.252 0.33304
-113.020 -63.988 -82.774 0.28669
140.997 8.582 139.108 0.28422
21.300 13.319 67.637 0.25070
42.578 -28.249 128.153 0.34830
-3.166 41.170 -137.401 0.30043
154.138 20.477 19.734 0.30084
-62.476 65.476 129.095 0.32101
120.331 -2.311 -158.850 0.28689
-148.515 -12.183 -137.284 0.30747
-178.404 -32.131 137.153 0.27623
29.402 25.835 27.119 0.28734
-106.720 -22.865 -65.762 0.27598
168.995 21.780 175.495 0.30858
121.786 12.922 152.640 0.26971
-152.750 67.890 -42.367 0.26109
114.052 -69.681 -155.279 0.32855
-154.370 -53.424 -78.157 0.28944
-160.559 -3.882 94.857 0.31205
87.670 53.121 30.767 0.27605
-112.922 40.779 86.946 0.30615
56.447 -59.158 -128.934 0.30002
-70.169 -45.947 -71.671 0.29125
-107.115 -63.755 25.570 0.36399
-55.145 22.702 -113.748 0.31787
-68.804 -38.311 -65.140 0.29544
-129.996 40.696 157.393 0.28633
116.760 45.638 -85.057 0.28937
-160.789 -26.195 159.672 0.32255
89.810 -1.908 87.023 0.31828
-38.280 -35.029 -42.841 0.32585
-145.302 59.574 -103.552 0.28330
1.625 -44.500 138.602 0.28191
-178.259 -11.202 20.106 0.28218
-159.430 -46.768 -90.800 0.28639
114.137 -48.595 -85.419 0.28853
-164.970 -70.229 33.878 0.34894
26.503 4.047 79.213 0.28947
-30.609 6.378 -154.416 0.29890
-99.711 -75.094 115.098 0.32032
-116.891 -14.020 57.462 0.31199
138.532 -3.955 77.935 0.30545
-101.199 11.403 -1.716 0.31168
-135.074 -20.652 88.454 0.30343
-165.231 -42.722 24.838 0.33381
-38.125 -27.971 -111.483 0.37944
-81.173 -1.740 -16.199 0.30546
4.259 -21.406 -98.212 0.28067
-20.834 27.526 -63.620 0.30812
-149.083 37.759 152.717 0.29441
178.699 5.134 -91.933 0.30685
23.787 -30.996 91.014 0.29502
-165.441 -49.281 58.573 0.29954
-16.820 17.531 101.246 0.30622
153.995 48.933 -92.818 0.30395
-129.058 8.677 44.306 0.28104
36.106 -27.675 -132.022 0.37219
-153.021 3.178 16.301 0.28537
145.288 46.536 -23.729 0.28767
-101.783 -51.773 -120.445 0.26435
60.484 -2.844 -136.901 0.27251
156.575 -15.255 -23.942 0.25615
-85.295 -28.282 65.198 0.28658
-88.985 13.063 -132.752 0.25229
169.037 -1.396 -61.152 0.25985
40.228 72.231 -6.298 0.29604
99.162 31.984 -158.478 0.31943
50.601 15.975 98.493 0.35047
-122.818 19.883 60.005 0.38820
108.899 2.577 -25.642 0.29734
98.929 -48.585 -176.188 0.32150
109.398 -56.863 -29.744 0.29592
72.210 -49.497 -134.823 0.26646
-171.110 8.445 10.121 0.32674
-0.218 -47.738 94.468 0.28588
-32.718 26.817 88.343 0.34508
-85.550 -4.574 154.325 0.32349
93.151 52.961 -114.612 0.27362
10.402 22.251 -60.568 0.31190
-164.004 -52.546 -126.779 0.27124
-58.728 -29.694 54.198 0.30259
12.734 6.914 -171.316 0.28755
-74.660 -39.210 100.532 0.30805
-7.488 0.638 162.872 0.32553
32.290 -17.239 74.519 0.28903
-3.210 7.690 -8.245 0.32408
92.937 -48.927 -94.061 0.27043
61.454 34.850 -15.445 0.31936
-18.727 36.767 -17.301 0.32150
-113.690 -85.977 -104.986 0.30160
156.819 53.303 -139.544 0.33509
-111.582 20.963 24.875 0.33767
-23.443 36.921 -74.009 0.33681
140.655 11.980 61.086 0.31084
155.831 -66.311 -106.078 0.28482
170.819 -12.035 143.258 0.34609
123.145 19.845 174.535 0.30232
-28.485 -4.761 -147.322 0.28219
166.725 33.813 103.952 0.28903
-115.433 -18.995 176.224 0.30132
75.447 62.614 108.259 0.28017
92.667 -29.061 -119.828 0.27638
28.585 76.612 118.263 0.29466
-43.310 -32.516 113.624 0.36558
-173.486 6.524 169.189 0.32753
130.604 21.722 -95.698 0.29893
-94.952 -39.879 -163.009 0.35903
73.071 42.130 -114.229 0.30188
-81.152 -47.999 80.800 0.28322
50.272 -24.650 -21.405 0.29154
-27.960 9.890 -103.210 0.30118
-156.871 -13.530 116.178 0.28233
-58.452 75.032 88.565 0.28383
-8.518 -51.443 -152.937 0.28619
62.063 16.491 -36.717 0.27554
141.986 40.153 -162.612 0.35558
-154.609 46.418 25.759 0.29338
-164.282 4.043 174.665 0.30905
141.963 19.160 24.538 0.26883
-17.120 -12.188 153.329 0.34401
-38.550 -0.438 -28.207 0.30209
133.380 42.375 100.165 0.30470
-65.340 37.807 -64.400 0.29677
-79.626 37.971 29.980 0.31197
-140.644 -64.633 -90.450 0.27694
41.955 -29.506 36.956 0.30878
-135.703 -22.888 94.122 0.31208
-126.918 23.119 109.067 0.32677
172.747 -36.430 -113.794 0.26701
-109.491 -48.085 142.770 0.34651
70.772 8.539 41.233 0.32732
-148.700 -42.748 -20.061 0.28999
-157.010 2.121 -20.087 0.26372
122.726 75.872 136.837 0.30479
-18.878 -55.742 -69.879 0.28572
-175.015 24.866 -94.338 0.27806
11.517 -2.758 -72.367 0.35040
-125.025 17.124 130.134 0.30304
-22.347 -0.930 -5.462 0.31276
49.106 -17.742 90.894 0.31904
-86.660 61.408 -74.632 0.29691
-126.433 42.096 100.160 0.29876
75.857 -3.679 110.650 0.34661
-64.085 77.165 -81.121 0.31464
-26.107 54.161 57.511 0.30356
-0.417 -23.631 -43.093 0.26148
15.412 -40.637 -20.180 0.30831
-131.519 -42.164 -148.610 0.27669
179.013 32.331 7.893 0.37793
70.604 70.116 -37.679 0.29850
118.961 33.619 63.786 0.28543
-122.504 -32.730 67.645 0.32918
-125.761 -26.336 164.215 0.32433
94.119 -10.681 -156.853 0.33579
107.792 -74.299 -125.334 0.27271
-19.316 49.684 -49.908 0.28393
129.500 20.853 90.977 0.31544
59.840 21.616 -136.675 0.29848
69.283 -18.568 24.025 0.27165
54.299 -40.190 -90.637 0.29633
43.614 59.670 -28.413 0.32488
66.728 24.045 -173.404 0.34674
-154.399 -39.191 -76.083 0.30295
100.243 -43.037 17.795 0.33834
161.164 -54.933 171.460 0.31207
-12.452 -14.316 146.245 0.36796
-121.322 60.090 138.250 0.30120
-42.294 -25.108 141.069 0.34798
-155.377 -72.238 175.113 0.30068
-78.986 10.020 64.032 0.29070
165.614 -54.037 103.455 0.28705
136.693 -16.987 36.767 0.28749
145.981 57.740 -124.501 0.32812
21.196 -19.317 -177.399 0.31498
-27.062 -76.702 -169.861 0.29066
149.373 38.074 143.692 0.28943
-134.191 -24.104 122.439 0.40958
148.308 29.515 -133.770 0.29125
-164.085 51.922 -149.163 0.35965
-101.283 73.139 -1.158 0.31599
167.671 -10.263 -75.820 0.32440
127.207 21.325 -113.137 0.31397
22.462 -17.258 -34.217 0.28643
101.422 13.046 42.802 0.26797
135.558 -44.136 118.095 0.30488
136.327 18.764 -156.253 0.28325
78.222 -12.967 35.663 0.25415
73.296 44.261 104.455 0.29556
91.714 -19.985 -84.087 0.31584
-148.209 -17.200 23.441 0.30872
157.080 69.382 149.636 0.32498
45.813 3.585 -100.668 0.33481
1.104 -43.843 55.602 0.26870
-138.324 66.535 -56.753 0.26456
-34.890 42.096 -109.962 0.30165
-7.404 11.481 41.233 0.36110
142.878 5.724 122.291 0.30223
176.455 -72.917 -138.051 0.24557
14.505 -3.796 38.300 0.26417
131.894 -31.591 -124.556 0.36293
-112.164 19.789 -111.296 0.27407
-61.179 -30.391 -110.367 0.36598
-1.060 -21.764 104.253 0.27582
49.902 18.802 161.932 0.28676
-116.152 39.124 -112.294 0.29378
31.101 -42.873 -112.820 0.33238
3.835 22.095 44.355 0.31811
171.804 -11.875 -17.909 0.29360
-45.835 33.890 -176.464 0.37528
125.327 12.539 -101.805 0.32226
61.396 33.077 -38.747 0.29986
-101.591 -25.470 26.494 0.27462
-22.474 -24.859 -42.735 0.29458
-165.969 22.981 95.880 0.31875
-67.365 -2.489 138.108 0.28169
-110.629 1.766 57.212 0.32188
158.189 -34.193 -148.410 0.26723
24.473 20.031 12.071 0.31303
-144.953 1.411 -138.640 0.29615
-85.858 -31.793 -160.908 0.39502
34.839 23.004 -128.523 0.31552
-149.301 24.487 137.264 0.30032
-30.221 -36.632 -3.884 0.37060
-57.075 8.383 -128.469 0.29774
-91.096 1.566 -166.965 0.31414
121.503 40.937 -137.692 0.32039
111.362 15.390 104.790 0.31537
77.229 -17.971 -90.425 0.32104
101.279 17.149 -145.989 0.28108
112.899 8.781 -4.951 0.28422
137.051 -30.386 -70.200 0.31295
-16.962 29.491 90.185 0.30040
157.397 -45.804 106.519 0.30806
-155.773 48.707 142.944 0.31273
81.138 -28.867 77.940 0.27611
-176.240 49.615 -97.442 0.27519
69.727 33.915 65.840 0.32231
102.651 0.632 36.105 0.29051
119.739 -25.529 144.094 0.28906
174.068 11.075 -52.538 0.25383
-111.925 -46.382 -179.927 0.33017
34.188 -40.240 -145.522 0.33602
-78.232 27.746 -156.809 0.27888
25.111 -62.939 -169.387 0.29872
-49.824 12.846 24.584 0.28700
85.770 -13.419 -30.405 0.29010
-92.649 -16.524 -36.015 0.27864
49.792 -40.461 -39.286 0.32292
21.612 14.726 63.570 0.24893
-40.838 -39.921 -148.077 0.30220
28.216 47.157 110.522 0.31037
124.667 38.298 -0.780 0.31825
18.776 44.098 -102.683 0.28016
-85.630 -35.074 162.077 0.33308
89.889 -42.799 -149.882 0.32073
-54.619 4.345 -9.514 0.30021
25.989 44.299 59.135 0.30261
84.939 25.961 58.076 0.31374
89.517 0.551 77.632 0.32717
165.719 -76.023 -158.473 0.24493
-145.981 27.034 -10.020 0.31916
-137.528 -34.694 -167.541 0.31506
126.268 20.524 -112.897 0.31219
-7.992 -19.913 59.923 0.28990
-149.716 -1.915 -16.051 0.27540
-40.854 -45.380 177.456 0.31054
78.103 20.552 160.983 0.26718
-131.718 30.887 79.951 0.35522
-160.169 -18.154 -3.628 0.29323
174.372 42.604 -127.631 0.28026
-58.849 -2.598 -68.283 0.37031
58.392 19.652 41.856 0.32739
81.038 -55.321 85.740 0.26935
54.957 -35.488 -61.774 0.31446
-27.765 -33.538 -120.614 0.29267
-71.664 -61.168 -156.920 0.35905
0.760 -62.480 -73.925 0.27536
123.010 43.015 -55.946 0.31232
14.192 21.564 126.113 0.25989
-1.006 10.633 -166.575 0.29420
-121.949 -14.561 160.125 0.30408
-126.078 -21.818 -147.787 0.29040
-160.867 -3.115 -14.804 0.25704
118.847 -70.657 87.716 0.27031
-37.933 0.854 -166.417 0.27960
-55.296 -55.301 151.941 0.30736
97.287 27.992 -2.896 0.37859
158.796 -33.653 -100.064 0.29603
-104.623 19.557 -53.599 0.27436
-175.103 -17.878 72.430 0.29346
94.219 60.161 -20.275 0.26707
-16.783 60.055 58.324 0.27985
-44.671 0.199 63.298 0.30763
-94.979 -17.318 113.259 0.30121
109.616 -2.843 -159.705 0.26169
22.778 57.913 -165.143 0.43094
-27.393 27.116 11.095 0.31516
-121.756 -80.809 -178.536 0.27584
159.582 29.258 102.855 0.27609
-8.082 -5.373 -13.429 0.32784
72.306 20.639 -5.475 0.30586
96.239 60.609 -9.709 0.33138
-21.781 7.863 85.267 0.38080
-136.012 -10.435 -65.689 0.32230
-81.839 -29.080 140.169 0.29697
-92.198 73.582 104.892 0.28543
-140.307 -69.946 -117.282 0.26401
106.974 -61.254 98.475 0.27521
128.478 57.598 100.790 0.29433
116.044 21.988 -109.703 0.30770
160.231 -30.743 144.278 0.37796
88.658 81.729 -86.743 0.34110
75.695 -37.238 -124.664 0.27506
81.531 -51.435 46.387 0.28278
91.221 1.273 -61.261 0.31326
18.500 35.602 -163.206 0.36521
-43.772 15.440 120.809 0.31740
138.341 33.168 -113.100 0.30938
-124.007 -20.743 0.393 0.30200
15.567 9.464 -170.885 0.28754
-69.755 29.839 -1.176 0.35330
156.489 44.300 119.611 0.27212
178.015 -20.915 69.410 0.28773
162.553 52.232 -58.411 0.29694
-20.908 55.136 175.283 0.39480
30.588 26.918 55.586 0.26612
20.155 -21.522 119.615 0.28259
-136.859 -7.618 -119.150 0.30991
-74.885 13.717 33.219 0.31168
-8.832 -8.423 95.404 0.31225
-26.190 29.113 104.102 0.31107
123.361 -20.689 -158.815 0.29517
-93.591 -25.036 -77.143 0.28632
-54.647 -6.458 -112.051 0.38102
-94.036 11.524 -27.865 0.31939
-55.992 -29.489 51.062 0.30566
-34.810 37.681 42.168 0.36263
-174.872 12.797 87.973 0.29078
159.232 47.156 -142.156 0.32866
-87.088 44.150 -111.784 0.29710
119.470 -58.482 -0.268 0.37413
21.219 5.867 -142.500 0.30414
-165.003 58.116 -104.478 0.30186
-41.354 42.940 -54.477 0.35960
-123.496 28.474 65.319 0.40016
103.773 24.221 -52.352 0.33401
27.594 5.503 -82.193 0.38964
70.136 -41.750 -83.445 0.26956
-40.026 3.820 -114.310 0.29923
-17.533 20.184 173.052 0.29415
149.832 4.292 170.932 0.28233
-105.019 22.491 -31.312 0.28574
-32.143 -52.836 -41.762 0.33149
-133.282 49.313 153.754 0.32501
152.351 33.360 -3.688 0.32267
125.999 -60.794 -70.997 0.29764
50.703 28.823 -9.708 0.31256
-84.326 -32.711 66.901 0.29261
14.961 21.498 -0.719 0.35688
-2.713 -27.902 172.726 0.37967
-48.875 -42.598 -118.260 0.36691
-31.826 -21.421 -171.369 0.31722
-84.064 -34.717 -73.864 0.26816
-21.555 -66.872 -34.346 0.33408
-161.026 56.986 -128.187 0.29587
46.509 -30.420 131.048 0.35997
55.826 -73.308 -35.180 0.30526
112.793 38.904 -156.751 0.34364
61.679 28.482 -17.810 0.30523
-168.576 -3.797 70.311 0.30770
45.307 -28.088 -4.817 0.32738
65.114 -42.471 -82.956 0.27843
42.066 13.024 146.691 0.28313
78.955 -31.957 109.789 0.27444
-129.470 -6.593 50.111 0.30496
43.799 28.632 -154.470 0.31901
171.228 -21.677 19.724 0.27610
178.559 -47.159 -38.098 0.28788
51.587 0.248 93.548 0.38852
-25.283 -34.692 13.313 0.34109
-107.933 -48.739 130.625 0.29774
-84.038 -26.435 53.265 0.28117
106.683 10.748 -84.251 0.30880
158.488 40.766 7.090 0.29539
-133.058 -33.699 70.793 0.30489
-135.149 -27.242 -29.873 0.27596
127.404 -31.440 -39.315 0.28476
136.470 -42.343 -77.757 0.31577
-120.318 10.818 -38.924 0.26846
-4.892 36.607 -142.376 0.29292
-126.985 -45.167 -178.920 0.28368
12.407 -21.904 125.664 0.28262
89.759 -14.668 68.756 0.29482
-8.196 18.927 26.660 0.38458
120.259 -26.523 -14.549 0.27223
150.320 2.932 136.073 0.28601
74.318 80.166 73.116 0.28684
46.963 1.821 142.082 0.28029
-104.261 -54.910 -121.929 0.26072
124.088 -33.185 -149.786 0.30042
-106.697 -25.453 -157.722 0.31673
66.351 5.669 31.569 0.29402
24.260 42.669 164.021 0.34713
-21.631 20.368 62.640 0.40835
154.572 -22.808 -78.588 0.30644
-126.825 -35.193 -41.881 0.30233
-49.636 13.347 -108.656 0.32959
-44.803 -18.446 87.128 0.30990
-67.758 42.066 107.118 0.31702
50.099 -32.212 146.749 0.32814
69.289 45.561 42.438 0.34996
124.988 31.095 118.872 0.29793
-142.340 56.939 -28.140 0.32338
50.456 -27.714 58.666 0.33819
14.415 -39.554 -77.090 0.30950
21.900 37.363 123.078 0.28914
-135.306 8.637 -6.165 0.27760
85.709 -30.653 -177.677 0.37791
3.950 54.223 168.847 0.37650
-107.021 -68.862 152.726 0.29392
-96.522 -14.774 2.694 0.30790
-94.964 16.893 -132.485 0.25928
13.107 -25.413 171.907 0.32807
-136.221 33.808 -5.658 0.32335
161.965 -8.263 -176.131 0.29333
109.385 0.960 -62.462 0.37051
-69.837 -72.706 -3.184 0.35026
-96.237 -8.332 -160.932 0.33385
134.099 -44.652 -78.292 0.31944
140.104 -31.458 -155.261 0.29170
31.000 -19.223 -26.863 0.29039
-109.847 82.633 28.597 0.30317
163.925 61.822 127.855 0.28364
-5.742 12.423 108.587 0.31710
-30.422 -53.867 131.910 0.30821
122.564 16.612 139.102 0.26729
-74.033 -26.234 -147.011 0.40601
138.513 -62.503 -2.135 0.38732
-158.070 -20.793 17.165 0.33280
-156.059 34.098 -153.594 0.30902
-6.998 19.754 125.316 0.28550
153.287 -23.724 -66.242 0.29183
64.484 59.921 107.153 0.29438
-165.593 10.641 169.008 0.31681
33.743 9.060 -156.376 0.28296
-31.739 34.622 -49.028 0.31718
169.268 -3.848 162.262 0.31814
-138.435 26.005 93.717 0.33829
45.218 3.154 -178.070 0.29543
-135.681 69.214 127.256 0.30741
107.933 7.225 63.192 0.25961
114.130 40.913 165.864 0.32677
2.082 -9.630 -10.041 0.31573
161.431 6.975 113.032 0.31103
178.553 30.824 155.710 0.28206
-83.903 39.653 -101.438 0.27962
54.378 -28.463 174.357 0.31267
124.755 46.442 -28.048 0.32435
97.309 71.634 -83.717 0.31580
42.911 66.848 -98.190 0.29251
4.629 7.953 90.192 0.33993
72.927 -89.340 32.175 0.28910
33.488 58.396 143.521 0.31816
90.745 21.011 136.890 0.28564
75.228 15.090 129.855 0.29503
-17.075 83.680 20.681 0.31566
152.085 62.432 -40.393 0.30673
58.977 -30.567 127.653 0.39824
-144.566 50.530 -175.818 0.43549
83.155 -5.288 143.812 0.33095
166.877 -18.826 -160.622 0.31235
89.321 27.517 44.170 0.31608
-152.367 7.682 13.864 0.28221
158.983 -36.632 -101.432 0.30240
-98.015 -62.187 160.466 0.31063
52.902 46.027 -145.045 0.35282
-10.123 36.981 153.492 0.27234
0.271 36.632 110.758 0.28150
147.067 -57.571 3.493 0.41845
133.388 17.439 1.637 0.28123
-126.131 -30.906 98.391 0.31638
-11.093 27.549 59.035 0.34670
-38.980 -31.646 16.394 0.31937
8.330 39.490 -123.682 0.29584
1.299 -12.674 -132.898 0.35164
142.390 0.275 88.715 0.36696
-152.788 1.077 173.193 0.29999
-145.288 20.339 -157.757 0.27031
-99.213 2.989 2.368 0.31686
-0.818 61.647 62.599 0.27880
-117.867 24.663 -162.664 0.29636
97.081 -35.751 -176.137 0.34938
-159.671 36.764 -159.966 0.33335
139.180 -80.219 -170.856 0.25082
6.503 26.309 106.369 0.28569
156.675 7.394 -34.934 0.24492
56.138 -34.550 119.935 0.34980
155.508 -43.382 101.228 0.31096
-11.248 -3.418 8.327 0.29138
-135.836 -52.553 -89.619 0.28796
81.226 41.789 165.347 0.32045
-103.276 -30.470 -57.603 0.25337
-1.980 60.165 119.404 0.28979
-4.628 -20.606 -120.667 0.28344
144.897 58.912 -36.149 0.30141
4.632 -52.422 -179.460 0.35619
-136.139 -34.538 -139.222 0.29625
156.251 38.136 -102.590 0.30293
7.654 -0.707 81.752 0.32235
71.036 -51.056 101.663 0.25749
-141.210 -4.087 81.505 0.31743
-6.985 59.109 -103.841 0.27071
36.904 -47.329 -159.542 0.29702
-0.074 34.151 -62.223 0.28640
-97.313 37.648 84.995 0.27476
-50.566 -4.197 146.383 0.28449
-114.897 14.042 134.920 0.29023
118.117 28.162 45.816 0.25715
47.438 -15.337 146.467 0.31182
-161.259 -2.449 2.875 0.29831
0.274 -9.989 30.182 0.27509
94.559 17.250 171.093 0.31467
165.367 -11.317 -101.006 0.27117
170.024 -64.414 -153.911 0.25147
-145.775 4.370 16.344 0.26941
112.889 -5.793 63.927 0.27242
-90.784 15.158 -167.154 0.29312
145.830 18.998 59.876 0.36275
14.222 32.496 34.052 0.30599
94.591 43.812 -87.259 0.25815
-75.458 21.922 -25.987 0.39729
-36.447 -14.171 -132.745 0.27008
100.327 33.472 20.784 0.31126
59.668 -0.356 80.220 0.35821
-177.904 -53.659 136.648 0.29105
12.358 -14.601 43.369 0.24439
-3.588 -12.606 122.989 0.31200
-50.580 2.339 73.866 0.31362
119.703 -64.672 177.402 0.26414
178.176 -2.185 79.361 0.30371
174.077 23.087 1.304 0.33900
55.087 -9.279 30.616 0.28379
83.760 -27.627 10.303 0.32247
-159.714 -22.662 -160.279 0.32140
95.426 -87.342 -176.210 0.31364
73.802 78.851 -37.512 0.30104
131.301 71.452 -168.576 0.38592
151.632 30.912 -164.393 0.32161
54.169 -62.093 -56.806 0.32372
-110.073 -33.128 -148.889 0.28359
74.092 -54.531 -132.244 0.26221
-16.103 -8.199 91.258 0.32220
71.827 -0.353 -143.121 0.29836
33.806 4.992 7.798 0.28242
43.510 49.856 129.130 0.30678
-18.627 -9.672 46.404 0.28607
19.554 70.075 80.540 0.28894
-25.445 -14.233 -151.227 0.30170
126.846 52.255 42.764 0.28291
-64.080 -37.920 90.219 0.29669
-50.648 -59.343 -0.746 0.40067
15.319 10.375 34.535 0.28710
95.967 -15.957 36.468 0.27202
-64.824 71.707 -48.636 0.26861
151.300 -13.700 -109.234 0.28707
-176.491 -78.884 -64.065 0.28085
-36.966 37.017 100.022 0.31798
75.467 -12.213 53.070 0.27556
-79.170 43.530 144.917 0.29381
43.604 -40.802 -2.110 0.38525
-14.853 -30.461 -17.515 0.33524
-40.578 42.686 -78.009 0.27777
-93.095 -24.759 -51.019 0.26999
109.626 -11.562 -148.102 0.30734
139.655 8.180 126.769 0.28276
149.400 33.052 -30.364 0.29362
-111.854 14.924 22.427 0.31630
108.445 30.290 -5.763 0.33180
-162.067 4.405 -135.782 0.27492
-19.274 14.694 154.232 0.26947
67.580 50.636 12.889 0.30781
-0.843 -11.616 31.364 0.27620
152.096 59.738 43.608 0.29632
140.395 36.592 101.777 0.31910
131.623 38.365 -18.251 0.30134
126.945 -26.302 171.771 0.31366
7.452 -53.956 -103.211 0.29189
-105.036 60.150 -56.119 0.30032
-35.452 -50.376 109.603 0.28717
-170.167 52.958 149.224 0.30947
112.978 62.026 -156.781 0.41250
-173.235 20.239 -30.620 0.34121
161.807 11.336 -16.856 0.27840
15.166 -49.292 146.042 0.27698
5.704 14.217 -36.312 0.35681
-110.153 18.134 -151.667 0.28145
168.761 -17.002 125.587 0.30786
83.037 47.517 -123.309 0.28920
-101.213 -38.683 -109.986 0.27510
-55.591 -59.001 102.539 0.27699
-149.149 -18.336 -130.683 0.36284
-161.402 -4.786 -25.787 0.25538
-134.466 -29.465 -123.335 0.32267
-76.449 58.697 -138.607 0.32710
-170.464 -64.948 -74.733 0.26807
34.300 47.736 147.493 0.32164
-96.262 13.183 -81.371 0.27833
151.778 19.520 -66.042 0.30088
6.171 -7.742 -29.974 0.30331
-155.577 -5.697 -21.296 0.24551
147.487 34.680 7.419 0.30240
-40.354 -52.296 -154.660 0.29280
-155.510 56.708 116.248 0.29733
-137.086 19.943 67.460 0.35876
160.965 -66.155 -147.062 0.23493
142.766 48.872 152.888 0.29797
-94.338 -20.243 78.358 0.31332
135.082 3.675 37.309 0.26944
-78.933 -32.082 -177.062 0.36927
97.661 -54.203 140.904 0.24799
123.325 26.477 1.329 0.30574
-30.562 -15.744 104.890 0.37173
138.588 38.406 -149.246 0.32832
-96.889 52.052 -95.082 0.29757
-125.781 31.378 62.343 0.40759
-13.283 29.601 -2.305 0.34340
-34.053 -29.838 -70.654 0.30852
-9.474 -20.069 102.332 0.27915
2.881 -41.268 -112.733 0.28187
-164.984 49.593 -133.948 0.29323
178.993 -51.789 104.645 0.26609
-9.257 -59.960 -124.756 0.27548
135.777 17.450 -109.098 0.30909
76.928 -63.283 43.952 0.31006
158.890 70.192 101.775 0.27949
163.027 77.204 27.061 0.29077
167.585 43.866 -36.763 0.29394
41.957 -73.019 150.400 0.30765
-16.248 45.219 161.265 0.32507
59.974 40.081 -38.785 0.30985
166.493 26.997 58.105 0.35582
-72.116 -17.900 104.970 0.30318
-101.518 5.512 -149.762 0.31353
-50.440 42.662 110.305 0.33649
-45.139 39.072 22.475 0.31591
-82.991 25.253 58.759 0.28105
-95.507 -55.066 100.282 0.28465
-66.174 62.523 -125.725 0.29506
-83.374 -66.602 32.588 0.34516
73.909 0.987 -121.922 0.29407
64.481 -65.719 -27.232 0.30834
132.792 28.766 -67.423 0.35371
8.126 -61.054 -158.663 0.32821
-101.472 36.074 74.305 0.28888
9.266 -6.418 121.283 0.28411
5.456 41.079 -156.296 0.34673
16.176 -44.249 -140.551 0.38207
169.898 10.521 -22.928 0.28264
8.097 -9.895 98.235 0.29046
-110.237 3.963 21.735 0.27699
51.716 44.593 87.106 0.29316
57.655 50.544 168.697 0.36974
71.590 -15.626 -88.158 0.33173
-150.089 53.309 -79.366 0.26800
-39.363 28.868 -3.161 0.33446
-108.704 -18.240 -41.299 0.25743
144.844 -42.165 1.292 0.39663
88.279 -19.302 -58.377 0.30150
-165.696 21.645 -151.394 0.28647
-36.066 39.029 139.272 0.31630
-127.187 -88.613 103.014 0.32767
140.255 -32.321 -88.854 0.30368
29.396 9.600 132.745 0.26078
-29.573 8.485 -16.344 0.28438
-78.957 -0.757 -79.719 0.34643
47.679 -4.986 -63.549 0.30523
3.685 -38.279 -14.898 0.31567
-93.046 -58.055 -31.391 0.31676
-102.079 -25.665 68.151 0.29847
6.970 20.371 119.465 0.27992
122.612 11.681 -66.121 0.39290
102.815 15.269 62.122 0.26618
132.347 -21.719 -82.068 0.32042
128.394 -80.573 22.745 0.33964
129.105 -21.763 -5.004 0.28163
168.463 -40.536 134.180 0.29961
74.031 -44.411 150.009 0.32625
17.609 75.906 156.571 0.31936
77.920 -50.806 -57.677 0.30284
-89.074 26.441 -45.915 0.30537
-148.696 -68.942 -164.890 0.29268
97.923 -67.951 141.835 0.25981
-125.323 -40.962 -115.173 0.32735
-93.243 -46.878 -86.763 0.28281
-162.106 -24.247 73.783 0.27511
145.969 18.117 105.046 0.32244
-73.508 2.798 172.141 0.31403
161.869 46.154 -139.057 0.30927
-156.488 -72.048 -94.551 0.27095
141.356 -1.262 93.211 0.37254
26.663 -31.392 171.686 0.31558
-26.319 64.325 -155.206 0.36881
-46.325 -14.744 -15.191 0.26969
81.199 -23.215 42.071 0.26089
53.001 27.612 158.481 0.29138
-134.347 36.620 175.112 0.35863
-88.223 38.757 11.859 0.39031
167.505 8.478 -164.833 0.30873
102.476 -57.087 -167.939 0.33586
-52.624 -24.303 45.923 0.30162
170.095 -18.838 -99.023 0.27464
-120.942 38.721 -108.638 0.30131
34.889 -3.486 -15.306 0.28088
111.027 -57.171 112.659 0.29056
151.070 -3.809 -82.485 0.33882
92.599 3.467 -53.029 0.31953
85.443 10.755 -175.293 0.32034
157.333 64.092 -69.990 0.31215
43.472 -62.819 -109.096 0.29803
105.648 45.285 125.778 0.28988
104.712 -9.841 -129.845 0.33408
172.112 0.812 -164.320 0.31132
140.903 -58.353 127.283 0.27507
31.638 23.999 -25.630 0.35192
-39.603 -45.046 -35.151 0.32675
-47.250 7.673 -41.450 0.31915
-22.762 -45.655 -130.484 0.28666
-99.094 -54.345 -80.243 0.28674
-173.459 -77.232 -29.233 0.30886
-65.493 49.467 -158.991 0.39117
11.343 -18.825 87.935 0.32515
-148.772 -43.154 91.932 0.26938
67.286 -17.613 -5.497 0.31061
145.318 54.972 -155.984 0.37469
47.184 -64.046 107.975 0.24353
-118.730 30.317 -140.060 0.28495
56.574 5.289 73.420 0.37025
-11.071 64.430 175.740 0.39268
-119.813 -39.084 -171.669 0.29720
30.432 22.262 179.245 0.34042
20.368 4.348 122.575 0.25777
38.346 32.871 -173.838 0.37779
-76.020 -33.335 65.825 0.30071
87.445 -43.860 161.829 0.30977
-166.814 -56.873 -168.065 0.34190
50.475 -43.587 -174.676 0.30794
28.630 17.682 -10.847 0.30591
43.519 13.561 -169.523 0.30621
-129.229 -17.752 66.564 0.30248
111.204 -45.159 36.741 0.30972
60.326 51.279 45.809 0.33550
81.415 12.369 57.123 0.35080
-117.703 43.524 33.563 0.38115
-157.117 15.719 -40.249 0.39358
-90.669 32.686 125.351 0.28251
159.610 23.341 -9.153 0.30630
65.326 0.398 83.858 0.35313
115.255 7.009 0.458 0.26068
66.856 -0.574 -73.252 0.29663
-164.832 12.193 -61.922 0.34276
55.423 8.926 -28.564 0.27731
-116.301 56.109 0.219 0.27831
-54.688 26.194 -62.746 0.39295
-109.047 24.550 144.300 0.27445
-67.323 -10.435 54.552 0.29277
149.480 34.775 -86.862 0.30359
-179.563 -3.724 155.774 0.31262
21.604 20.576 176.024 0.32917
-44.008 26.406 134.423 0.32087
-144.055 20.442 170.908 0.31055
-136.055 17.794 -43.712 0.31027
2.529 49.322 91.919 0.29989
-114.105 -65.337 72.263 0.32047
-18.374 5.957 147.723 0.28744
122.544 -2.715 178.288 0.27151
81.092 -40.951 -130.149 0.27627
147.203 3.598 62.337 0.31828
172.707 10.504 85.009 0.30381
88.248 -34.272 134.222 0.28517
32.825 38.608 84.633 0.30300
-77.795 -14.589 -35.220 0.27039
-85.173 -41.382 -172.096 0.39321
-41.159 58.859 -149.145 0.35599
101.090 59.550 -154.888 0.39185
162.284 -15.127 -135.228 0.25685
-83.768 18.271 3.652 0.37423
-88.222 16.158 -66.342 0.28018
-11.972 10.575 -36.735 0.29411
71.319 50.987 -76.671 0.29407
-111.464 -7.284 46.424 0.30102
-4.755 15.383 -137.267 0.29276
134.013 12.165 -146.891 0.27478
-159.911 -36.056 -120.220 0.32662
-24.215 -71.910 -134.426 0.30285
73.100 33.553 -12.106 0.32788
-156.755 4.876 55.381 0.27451
70.283 10.506 162.550 0.26840
164.416 14.961 -157.153 0.30201
-109.636 61.995 -148.393 0.35660
-5.100 -33.195 57.410 0.27502
131.822 33.983 68.222 0.33066
-55.325 -2.142 98.830 0.36137
114.438 -78.242 161.308 0.26174
-45.266 -52.813 72.911 0.29620
12.847 7.355 -125.665 0.32519
139.125 9.020 60.091 0.29661
49.025 78.011 -14.529 0.29209
-115.728 34.895 -134.784 0.28087
-49.500 29.681 -23.489 0.32035
129.751 68.714 103.053 0.28574
116.933 -57.619 133.380 0.27644
75.605 -37.206 58.423 0.27240
-95.979 -17.436 117.453 0.30487
-65.409 13.549 52.827 0.27795
-109.372 26.844 61.251 0.39387
93.783 47.333 -45.175 0.27251
117.370 32.527 -89.856 0.29725
-114.838 -72.943 141.200 0.28630
-63.740 -8.778 113.565 0.28970
-139.675 -67.597 56.984 0.33766
20.895 56.587 -21.936 0.36764
-8.607 -60.824 78.665 0.28224
86.743 -34.834 -162.650 0.35551
87.935 76.338 -140.526 0.34561
-109.162 56.996 99.768 0.30062
-159.595 72.216 -38.829 0.27786
-22.085 -17.363 3.304 0.32590
-15.279 73.591 -67.677 0.31633
-17.002 6.848 71.103 0.36539
65.945 39.528 70.579 0.30999
-108.968 -2.008 174.057 0.28696
59.725 38.562 -20.550 0.31371
7.083 -25.826 147.253 0.30531
-142.035 -34.327 170.337 0.30921
118.035 -19.067 55.690 0.27536
59.245 21.178 54.774 0.38935
-121.315 -33.022 0.054 0.33861
179.701 -43.476 86.751 0.27483
-15.625 10.613 -108.587 0.30927
-18.826 -5.668 -107.295 0.28709
-142.698 7.064 -131.975 0.30324
-118.416 -28.528 -136.725 0.27879
0.966 -25.619 177.946 0.37455
95.446 -45.523 -124.481 0.28376
-149.073 -18.329 -80.494 0.32375
-4.855 56.685 96.703 0.30194
-58.873 51.774 148.681 0.33085
110.551 61.179 50.786 0.28357
-72.552 -37.905 121.947 0.28530
-106.380 25.108 91.617 0.31321
51.233 -49.275 7.858 0.40493
-70.036 -31.106 135.323 0.28382
-118.071 -22.771 32.337 0.29097
66.780 -52.954 157.354 0.33647
88.517 46.582 -117.805 0.27930
-86.834 -27.823 103.581 0.28968
-15.821 4.178 66.702 0.35422
28.618 50.227 28.453 0.29465
-156.671 -7.418 -141.960 0.29100
-167.508 -5.779 -70.694 0.31508
-158.726 7.934 85.917 0.32322
-59.537 -30.858 -87.654 0.31433
131.000 -17.794 -179.814 0.28577
-87.994 -28.458 85.843 0.30521
-162.340 37.777 -150.974 0.30050
-118.073 -31.112 109.550 0.32806
174.165 -0.944 -69.980 0.29039
177.599 -5.235 -24.859 0.29147
-22.670 72.048 70.876 0.28280
-76.301 -61.502 76.452 0.27645
179.071 33.440 -168.873 0.33838
-44.911 -9.685 136.810 0.29377
-97.680 11.141 149.802 0.28977
32.779 -40.676 -143.624 0.35661
-87.075 8.069 153.927 0.31690
175.536 -37.959 63.619 0.26855
-137.663 1.239 -77.758 0.36496
91.725 10.488 -26.552 0.33726
-77.006 10.066 -159.297 0.27876
96.282 -38.999 -166.367 0.37609
-114.641 -43.162 136.263 0.37075
97.463 -51.458 -170.237 0.35054
-94.268 -55.207 18.284 0.38770
22.511 16.188 -90.782 0.30076
-159.275 45.771 -40.461 0.31657
129.343 -50.077 -170.788 0.28406
-126.847 46.324 92.511 0.30104
56.415 -46.344 -156.392 0.29583
-168.326 -18.340 -98.261 0.27726
-56.871 22.954 -179.119 0.33648
109.170 -17.081 1.120 0.30528
-161.184 42.025 143.750 0.29338
25.122 -59.705 69.076 0.26839
135.509 57.053 119.849 0.31180
-44.590 49.014 146.613 0.32445
-106.452 55.988 -130.875 0.30031
-57.145 -12.799 -121.687 0.37498
-54.397 48.589 113.872 0.33290
70.326 36.245 105.505 0.29229
154.553 -56.826 -86.802 0.26207
-112.081 -43.221 -168.191 0.31213
-123.528 -19.259 -116.514 0.25393
58.684 5.548 -65.291 0.30405
-113.604 48.419 -80.298 0.30136
41.688 26.198 20.076 0.30698
155.135 4.607 -105.633 0.30681
169.145 -17.406 -44.189 0.26463
139.288 -36.325 10.495 0.34970
-52.762 25.259 -148.026 0.31038
-121.388 2.476 -120.054 0.25664
157.427 -71.076 -158.915 0.24866
-159.887 -36.300 23.819 0.32627
151.113 -64.529 -47.098 0.30486
-175.353 25.452 -119.556 0.26733
-114.767 69.513 -133.396 0.34004
88.097 -10.573 108.033 0.29702
36.162 -61.667 -10.570 0.39221
-74.006 47.849 -119.426 0.29284
-147.414 39.060 -124.127 0.30315
171.773 13.898 117.283 0.31492
-175.954 -33.959 42.722 0.28322
-129.342 -23.873 66.294 0.30499
-113.442 -9.064 68.916 0.31435
-136.344 -32.748 -113.296 0.34177
-63.794 12.714 40.528 0.27381
-49.281 77.160 117.022 0.34194
-29.131 48.783 162.362 0.34977
177.280 -36.851 52.693 0.27747
-146.321 -60.729 -91.129 0.29499
-53.501 -11.937 125.569 0.32095
-31.989 61.018 131.248 0.30076
94.529 83.905 -75.619 0.32282
-104.371 12.657 -119.726 0.28041
-107.119 -13.563 40.504 0.28397
20.244 -19.582 -21.218 0.25953
-129.608 -62.289 28.044 0.37795
29.430 48.871 -76.926 0.29756
9.228 27.000 19.261 0.35037
86.814 -53.459 -175.383 0.34776
9.133 -50.596 4.039 0.41024
104.463 -8.254 -83.018 0.34636
24.312 11.503 61.983 0.24900
2.297 -26.582 6.112 0.36472
116.099 35.493 6.672 0.32436
-90.373 -13.231 -124.954 0.33265
-150.303 -18.633 164.228 0.30484
56.128 52.867 101.741 0.28638
112.109 20.198 103.266 0.31123
-116.421 -28.371 -64.482 0.29176
61.226 59.121 59.603 0.28027
-28.173 42.038 -99.010 0.29445
-22.147 -11.538 63.984 0.31624
0.858 0.604 76.088 0.32089
-106.645 -0.237 171.380 0.28458
-143.427 65.287 140.353 0.31390
-52.238 -66.518 59.988 0.30262
-114.469 1.600 -169.930 0.29584
-114.427 -39.974 -23.922 0.29847
67.847 1.636 -99.803 0.31509
-114.810 4.443 -68.241 0.25625
-149.601 -21.577 1.397 0.31431
153.471 -59.075 -145.484 0.25129
-157.308 -1.830 -85.641 0.34962
67.090 -38.557 167.624 0.33960
9.866 -75.301 16.506 0.36662
-8.435 -67.512 54.467 0.29898
-147.911 -50.614 173.634 0.28227
122.249 16.277 57.834 0.23202
-20.807 -28.856 -44.441 0.30086
55.876 -38.911 151.739 0.33312
-144.589 75.279 136.939 0.32119
107.729 -1.075 -107.280 0.34099
90.363 6.111 -134.509 0.30217
-14.406 26.805 -42.489 0.29010
-92.762 -45.220 -25.268 0.30249
-97.140 -3.337 52.709 0.31007
37.169 -20.636 20.436 0.29933
-66.674 25.909 -85.190 0.30414
-125.853 -2.439 -2.217 0.29215
-40.365 -35.065 -30.667 0.30624
153.338 -64.153 58.092 0.29493
148.766 -6.143 83.950 0.34954
31.545 37.904 -76.485 0.30400
87.195 -42.003 -0.354 0.36736
55.487 -22.716 36.049 0.28760
-112.971 -21.552 97.345 0.32182
-140.611 -44.011 84.315 0.27486
42.162 -46.149 85.154 0.27206
99.993 -17.000 19.303 0.30454
27.914 32.123 35.692 0.29991
-16.679 -9.781 116.765 0.38230
176.459 -34.066 158.234 0.33942
50.389 -6.643 -154.781 0.27878
73.600 -70.323 -175.356 0.28639
119.448 28.152 153.289 0.27682
-133.538 -12.547 -174.721 0.28960
171.867 2.265 -83.345 0.29133
-100.812 -51.155 -104.288 0.27287
-63.694 -2.758 109.356 0.29537
-115.613 80.741 -22.431 0.29689
54.717 36.506 49.336 0.37939
-51.642 -51.465 -158.488 0.30464
60.035 -19.462 -131.344 0.27236
141.403 39.304 169.198 0.34157
32.248 -69.271 -87.703 0.30025
-56.509 -24.490 46.373 0.30123
132.051 30.723 144.443 0.28924
53.680 -13.357 -139.056 0.27371
81.119 73.505 53.448 0.25825
98.026 27.544 56.702 0.27462
66.956 -37.463 85.231 0.28846
-96.163 -7.753 -70.891 0.30329
-4.733 -44.405 -49.449 0.30167
112.003 1.852 10.319 0.28016
0.287 -10.789 -26.811 0.29882
148.509 -17.671 128.645 0.41370
-83.230 -12.884 -125.848 0.36918
154.215 -6.878 136.203 0.34397
-75.814 10.823 -132.564 0.29190
-142.245 29.849 -70.218 0.31637
-70.115 -61.109 75.584 0.28966
151.093 -51.526 126.997 0.26524
-149.335 -42.549 -71.015 0.30616
31.250 -8.886 -30.174 0.29338
82.875 14.483 158.060 0.29138
-77.386 -51.801 153.469 0.29384
107.272 -27.676 -167.763 0.30573
-109.262 42.340 -102.627 0.28742
101.226 38.007 -134.451 0.27641
39.727 -70.587 38.429 0.35196
-147.658 42.547 -59.646 0.28944
150.593 25.725 -34.249 0.28199
-161.632 -26.332 -33.355 0.24632
-80.553 62.586 -151.148 0.37234
143.927 25.915 -156.511 0.30443
115.701 27.063 81.811 0.31601
60.512 32.543 135.478 0.30267
1.839 32.633 113.809 0.27002
-122.201 -4.685 -141.460 0.26356
-131.016 -6.291 115.324 0.39208
-88.525 -26.021 -20.162 0.26230
79.566 16.518 22.055 0.34444
84.595 73.119 -90.798 0.28876
-131.603 -46.857 97.760 0.28028
-65.946 -39.967 -177.154 0.32055
-11.142 65.700 -104.347 0.26237
-149.585 30.989 -131.252 0.29406
-1.252 -8.352 13.493 0.29439
111.976 -83.167 -25.934 0.31715
-125.507 -18.161 13.769 0.27079
39.909 -19.545 123.288 0.34069
-26.218 -60.974 -88.326 0.28041
-157.030 33.338 47.474 0.28363
103.492 59.603 93.215 0.27911
21.107 17.436 -90.834 0.29017
103.329 61.157 32.482 0.25665
-24.455 -25.322 -114.706 0.28832
18.276 -37.279 -102.949 0.31449
90.419 -41.547 178.100 0.35909
-26.957 35.629 160.000 0.28434
-86.591 -77.371 58.257 0.32097
125.189 -56.902 161.723 0.25309
-88.950 -47.745 -119.918 0.27069
131.792 -8.621 75.443 0.27418
-39.500 12.757 -138.015 0.29595
137.961 -39.045 -154.102 0.27410
-43.004 -59.563 -78.503 0.29703
-160.464 52.838 176.457 0.39519
-98.889 -56.875 -127.040 0.26398
-72.014 32.161 161.280 0.30360
-6.694 29.432 -136.145 0.28563
77.480 -0.239 105.848 0.34547
-67.605 -63.649 -158.721 0.34314
146.602 44.590 -22.144 0.29075
-92.443 28.089 109.340 0.28465
-172.488 11.076 -82.978 0.27653
105.201 37.259 16.282 0.30688
1.909 -23.971 127.441 0.29083
-61.619 15.121 10.346 0.30867
-66.791 48.340 -150.952 0.34311
-100.267 24.447 -30.861 0.30501
59.816 -46.587 64.234 0.29530
47.941 28.759 74.127 0.36150
-89.444 -17.563 -117.862 0.32235
70.885 59.909 67.034 0.28007
-167.497 -3.742 -98.142 0.32400
33.746 -77.127 -71.558 0.29857
-81.537 -37.171 67.837 0.30037
-32.025 35.059 101.519 0.30412
-55.973 -18.034 -31.641 0.28442
8.708 30.025 152.831 0.28259
-113.380 23.886 -135.737 0.26618
-175.388 20.012 -42.939 0.31499
8.638 1.158 77.726 0.31464
7.018 -50.911 61.657 0.26756
77.353 0.472 -132.282 0.30853
7.681 32.732 -8.739 0.40643
-165.307 -24.525 47.781 0.27173
-162.907 38.601 16.189 0.31412
-63.194 16.429 13.239 0.31300
-43.931 16.051 -37.298 0.30227
-163.008 -10.856 -105.884 0.33808
-176.347 -18.417 98.753 0.25585
65.795 -12.625 -56.357 0.26917
32.447 65.111 -79.209 0.28226
10.603 -0.787 -137.744 0.32759
129.490 -28.859 -120.961 0.37909
160.554 -11.068 31.801 0.28154
-108.717 33.189 87.925 0.30335
-124.710 27.635 81.379 0.36366
93.469 -53.229 -119.558 0.27734
-34.566 56.481 53.919 0.33078
63.722 8.056 -107.522 0.30375
-20.212 65.728 -9.938 0.30683
-51.633 -79.144 152.187 0.30678
-51.382 4.707 31.994 0.28191
77.381 -51.343 137.030 0.26341
143.911 26.155 51.332 0.35044
-57.564 64.945 -92.538 0.29634
-97.944 65.705 -28.323 0.25262
46.600 -63.095 14.812 0.38882
137.283 -67.603 -15.258 0.35517
73.663 -16.313 -139.264 0.28148
6.005 -34.816 73.499 0.27775
149.819 64.103 16.369 0.28970
53.732 -53.062 -7.980 0.38186
-143.336 2.010 133.743 0.25728
177.698 0.710 -77.840 0.29591
127.735 39.642 -135.607 0.32020
-130.527 -35.160 112.227 0.33969
-95.917 27.691 79.423 0.28883
178.319 45.811 134.851 0.28801
108.898 38.052 -97.262 0.28088
26.018 19.599 -85.431 0.32312
-108.136 50.803 154.469 0.31661
81.582 52.006 153.467 0.32394
131.950 18.334 -154.615 0.27213
138.026 45.856 49.825 0.33943
-129.617 22.358 -12.140 0.29228
-135.620 79.314 -104.395 0.31451
-157.681 10.921 88.910 0.32425
-119.598 29.246 176.729 0.32126
-2.434 7.582 -175.388 0.33218
-125.294 36.434 102.979 0.31453
6.774 25.784 -126.885 0.30099
-100.910 54.854 -156.033 0.37835
-29.210 59.718 -112.375 0.28476
-23.950 74.805 -162.104 0.35675
-87.293 13.585 21.374 0.36529
-165.546 43.808 -17.031 0.36652
-106.885 42.420 -171.273 0.38004
-74.148 28.047 -153.854 0.27726
-47.451 -34.273 169.134 0.32955
-152.487 -13.271 161.672 0.28904
-34.983 34.473 -76.429 0.34067
81.500 8.551 -154.355 0.31444
-104.960 59.166 -114.796 0.28408
82.182 46.173 -32.619 0.29271
155.822 6.056 48.625 0.30868
27.185 3.105 144.008 0.27035
-139.173 71.565 -40.109 0.32040
-130.750 -72.561 128.305 0.27719
-42.160 -69.899 157.719 0.32077
-95.192 -10.096 129.670 0.33428
84.573 31.045 8.205 0.36209
-33.767 -26.511 37.166 0.29367
10.780 1.168 13.678 0.31566
-23.684 -22.120 91.785 0.30948
158.777 36.094 146.951 0.27404
160.762 25.722 -73.491 0.30022
-149.543 34.649 117.053 0.28443
171.517 17.873 -92.536 0.31647
87.999 79.300 120.241 0.29041
-56.825 23.458 -90.135 0.31249
44.429 16.213 168.225 0.29235
-158.905 27.481 -61.320 0.31046
36.190 23.048 155.173 0.28377
-81.395 44.167 126.720 0.29753
-43.759 45.756 48.452 0.35958
-61.311 -26.878 50.806 0.29032
45.595 26.663 7.067 0.30614
39.461 5.990 -130.940 0.30315
77.002 20.655 -72.330 0.28023
61.564 29.807 -163.507 0.34534
-24.456 1.117 -117.095 0.29722
-128.363 -28.299 -109.052 0.33205
-67.558 -9.650 -60.004 0.30611
143.126 -39.727 -1.575 0.37119
64.315 -30.704 -154.732 0.30349
-59.468 15.354 0.980 0.30542
-9.737 4.575 -118.594 0.30559
9.211 38.909 97.777 0.28632
-152.984 -73.548 90.948 0.29035
100.019 -70.207 -20.014 0.33102
172.884 -25.066 149.661 0.33449
-8.811 25.836 -123.782 0.26769
-74.818 -15.487 113.120 0.26764
-11.425 -37.664 -72.675 0.28217
-155.723 -63.941 -116.918 0.26143
-64.898 -27.349 178.311 0.31067
-102.964 -38.209 -137.991 0.27728
22.492 -63.233 -108.632 0.30422
-98.313 -16.964 64.137 0.29697
162.187 -27.135 110.007 0.29469
87.162 -49.757 -114.571 0.26655
-161.059 16.418 8.740 0.30744
163.416 -2.159 -57.367 0.25700
146.275 -48.617 -120.448 0.29878
1.243 70.556 85.620 0.32756
17.967 22.486 -7.264 0.37118
25.383 -33.751 -18.218 0.29258
-141.135 -23.056 151.302 0.29275
137.139 22.862 -53.982 0.34226
-57.546 7.277 89.222 0.36031
25.750 -3.628 -16.849 0.27431
-145.215 -25.292 -75.224 0.32080
-82.287 -10.584 178.710 0.31976
24.341 -4.329 77.278 0.30927
55.097 -13.168 -123.563 0.26986
-53.524 9.664 2.788 0.30028
109.737 -2.297 -0.839 0.27948
-47.238 37.850 -31.008 0.32760
12.942 56.823 26.343 0.28617
-132.419 62.789 8.588 0.26558
-0.845 -34.760 75.078 0.28866
-155.160 27.517 138.760 0.30126
-178.169 37.991 -106.019 0.27258
-64.907 -28.947 138.954 0.29080
112.282 52.849 74.639 0.30003
123.378 22.126 44.888 0.23288
62.139 6.862 63.362 0.35186
104.920 6.255 -62.177 0.36860
-28.663 -3.668 40.024 0.31024
159.433 65.531 -109.121 0.30354
-88.259 -42.970 127.249 0.29763
167.923 -9.454 49.594 0.27676
32.702 -4.807 153.446 0.29230
-132.497 -18.980 45.873 0.30072
147.221 28.104 145.139 0.27995
140.330 57.919 -145.205 0.35507
-171.224 59.729 -48.894 0.26864
-159.296 6.750 -85.326 0.31754
92.877 46.265 -30.815 0.29874
113.901 28.018 -61.537 0.32113
-10.410 17.162 31.716 0.37207
-88.852 -60.893 -83.555 0.28091
-20.051 46.746 88.343 0.28483
45.653 63.794 154.813 0.33189
-67.910 1.734 135.552 0.27289
-111.201 -18.163 48.425 0.30083
142.361 17.139 168.656 0.26567
-4.803 -33.483 82.328 0.30478
-73.435 39.780 25.554 0.30724
45.530 -39.785 -100.597 0.31619
165.902 -22.800 -35.988 0.27261
-135.303 -43.940 -4.350 0.37884
-72.499 -3.493 175.196 0.30224
166.913 2.547 -165.752 0.31526
63.611 -8.939 56.453 0.30956
50.630 24.893 -77.230 0.34663
-65.666 -14.962 -73.703 0.31857
-42.377 31.208 64.912 0.38876
57.791 -15.237 121.214 0.41061
148.020 38.860 -72.968 0.32894
-62.788 48.798 144.853 0.33702
148.678 -41.839 -165.924 0.28714
66.886 60.526 71.025 0.27191
168.885 -4.286 -92.635 0.31241
91.140 11.854 25.077 0.33125
-19.430 -25.005 -7.024 0.34174
44.288 -54.431 -147.887 0.30742
115.428 -32.046 -69.846 0.31172
23.691 -38.260 -164.871 0.33294
-28.484 -54.635 51.447 0.29257
-128.381 -21.398 -143.485 0.27687
32.870 -32.635 -30.524 0.29003
-53.351 -7.904 86.697 0.33249
52.195 -29.813 -150.000 0.30489
-65.863 -50.284 -147.700 0.38245
-92.721 61.220 -96.877 0.28768
175.524 56.986 46.791 0.27791
63.595 -33.309 82.366 0.29291
-148.854 33.337 27.472 0.30042
74.912 3.698 -41.982 0.25832
-175.373 59.261 165.755 0.36289
-167.787 -5.258 2.248 0.30923
-124.025 -21.256 149.189 0.34997
88.662 23.670 -142.782 0.28618
-152.128 41.411 15.124 0.30484
50.640 -59.063 7.196 0.42797
98.129 -0.416 -60.988 0.33612
-10.436 -48.901 13.720 0.39309
-150.690 -85.953 75.741 0.33581
-32.673 58.926 -101.143 0.27504
125.067 7.437 -143.119 0.28254
84.980 10.676 -72.251 0.27198
27.893 26.122 -58.012 0.39072
68.248 26.886 77.115 0.33266
61.499 37.576 -113.266 0.30817
135.592 45.713 -73.791 0.27911
-164.805 12.126 -159.080 0.27426
130.989 13.549 -35.570 0.29209
-0.219 -59.416 -163.229 0.31498
144.303 -66.840 65.731 0.29398
-45.538 21.070 -114.528 0.30994
-156.649 35.076 19.807 0.30735
-153.185 -15.323 77.875 0.30012
-161.733 44.120 18.795 0.31298
117.084 63.278 160.601 0.34556
9.830 -49.097 48.798 0.30310
-151.557 30.749 19.485 0.30444
104.714 51.346 -114.084 0.28431
135.676 -19.144 52.789 0.33058
142.036 -54.899 -64.910 0.31492
-118.203 -56.768 173.983 0.31169
35.472 1.590 -155.772 0.27047
-55.052 26.395 139.208 0.29910
-57.895 -71.427 142.924 0.32368
-163.202 10.589 -77.340 0.30773
-24.351 66.515 -88.832 0.25204
51.421 -34.312 -29.973 0.30403
-59.333 84.383 -112.722 0.33656
-140.296 86.711 -37.293 0.32631
-174.974 55.016 -35.031 0.26820
175.573 -37.662 -89.830 0.27844
4.340 33.115 73.787 0.28393
74.025 -17.871 147.234 0.36408
-33.936 -30.516 39.800 0.30637
-9.081 3.181 173.440 0.30687
72.443 -54.371 -68.490 0.28147
62.194 -13.471 67.490 0.32007
-122.092 0.762 -48.807 0.26523
-57.764 5.003 -136.733 0.29743
-29.982 -48.989 7.523 0.40807
116.414 -51.958 -24.440 0.30807
-148.485 2.904 16.786 0.27137
-68.801 -37.171 154.940 0.30964
22.893 -88.556 -74.435 0.31100
41.351 -66.760 57.780 0.29738
117.434 41.893 -137.644 0.30950
104.934 19.563 -157.034 0.29323
-122.599 34.230 153.428 0.28014
110.921 39.401 -78.287 0.28508
61.644 22.537 -19.696 0.30247
158.902 8.345 66.189 0.34570
-96.087 47.051 91.177 0.27988
155.191 -72.754 1.296 0.36578
65.153 30.691 -103.043 0.27868
-172.224 -9.750 177.151 0.31963
-67.050 -9.628 -62.659 0.31068
-178.095 -43.079 -82.796 0.26613
115.856 -26.894 -171.159 0.29722
-27.989 29.721 -126.398 0.29494
32.572 -29.133 -113.010 0.39015
80.899 -6.560 -144.555 0.33086
-2.912 -59.295 32.041 0.34249
-18.864 -7.672 -104.587 0.29197
-130.446 41.221 -54.941 0.32885
-158.181 -29.933 179.542 0.32270
-57.691 17.513 -12.783 0.30815
-169.522 -55.036 144.712 0.27149
-73.263 34.044 -35.197 0.39209
-179.365 -11.713 33.148 0.28005
-155.049 -53.282 -73.501 0.29547
73.801 -22.786 -67.735 0.29758
27.829 10.441 71.434 0.27079
-112.469 30.936 99.816 0.29691
-143.006 -13.726 16.076 0.28401
-86.675 -15.729 -113.083 0.32267
-126.039 24.284 140.816 0.29592
-122.779 -26.282 114.755 0.38430
-2.159 33.235 -88.671 0.29674
-110.563 8.985 12.079 0.29258
66.356 40.190 -78.664 0.30921
54.181 65.221 -158.816 0.36403
-74.648 24.967 -152.919 0.27274
-2.578 -60.722 52.760 0.28858
-45.926 -38.505 173.213 0.32571
-99.197 26.746 172.939 0.29946
85.667 -30.209 144.190 0.30085
26.341 50.784 -41.199 0.32831
-58.754 -66.915 -71.227 0.32859
68.073 17.510 59.174 0.39588
57.440 -66.485 133.776 0.26388
25.282 30.190 -74.043 0.30690
48.817 -54.666 23.931 0.36736
109.196 -33.732 58.468 0.27860
0.127 34.109 -57.442 0.29619
-118.656 -45.042 -24.377 0.28700
21.550 -55.244 21.880 0.38017
32.367 3.883 -26.271 0.28236
-96.218 -45.366 -100.645 0.27510
-143.039 14.992 34.023 0.27484
107.531 -55.468 -109.259 0.29026
-73.140 30.834 17.516 0.33377
-139.667 26.432 -7.885 0.32003
-91.378 -13.318 178.233 0.37071
-37.272 18.232 165.178 0.27578
149.207 23.681 142.898 0.28794
104.135 -32.789 86.185 0.25840
-178.797 -28.994 115.545 0.26408
151.580 58.705 -143.536 0.35153
88.772 2.062 50.383 0.29336
31.243 83.250 30.473 0.32468
-44.425 11.909 -9.352 0.27856
83.251 -10.552 -12.559 0.31635
160.446 -34.243 -3.015 0.33746
-53.495 -5.945 -95.902 0.41670
-17.355 -53.507 -49.414 0.30844
48.292 -15.430 124.043 0.37607
-176.905 -43.876 33.974 0.31326
-39.630 17.805 -54.282 0.32696
67.614 23.402 -162.044 0.32900
-66.131 -13.275 -34.273 0.27289
-73.315 9.948 -91.021 0.32198
-3.929 -19.918 74.770 0.29861
178.542 86.132 -138.341 0.33968
-15.989 -5.824 79.975 0.32199
-16.417 -22.117 -4.536 0.34144
-38.777 6.105 29.310 0.29539
-163.483 -11.784 48.598 0.27399
-33.063 21.688 -93.816 0.32341
-145.111 18.383 68.630 0.32206
63.699 22.293 128.648 0.29368
-168.652 21.793 152.316 0.29885
-118.450 7.777 -58.458 0.25435
-60.812 37.596 132.054 0.31780
-113.637 -44.034 -89.812 0.26602
151.710 -32.145 67.622 0.31531
-5.867 -51.863 -136.628 0.27480
-114.134 -53.160 63.981 0.30485
157.918 57.385 4.736 0.28598
31.882 -54.435 -17.148 0.35543
161.144 -50.499 9.433 0.40072
-142.499 -6.998 149.522 0.27537
-95.191 -78.210 -139.906 0.25661
-73.347 44.085 22.448 0.29263
98.227 -52.187 -136.784 0.29243
-172.945 3.557 112.890 0.28205
-142.944 -56.274 150.697 0.28595
-135.334 25.934 30.307 0.28250
17.099 -13.363 -10.690 0.28488
10.263 51.629 126.787 0.30465
-49.873 -14.549 -58.750 0.32948
-156.320 45.381 -173.909 0.40309
76.687 34.115 160.434 0.29089
159.330 -0.656 -124.849 0.27960
160.132 -44.353 27.708 0.33513
-61.369 -65.790 -164.856 0.30696
-70.807 -13.534 63.364 0.30144
28.541 -39.262 -53.404 0.30839
55.297 46.414 10.069 0.31003
-92.371 28.153 -160.347 0.28503
-26.939 40.151 81.087 0.31602
-96.256 -67.769 42.697 0.33435
91.029 -77.888 72.173 0.29845
148.016 36.095 -59.533 0.30615
-119.197 55.089 -85.209 0.28309
134.695 -31.558 49.653 0.31244
-162.058 26.621 45.278 0.27008
171.794 30.455 -115.021 0.27818
-141.209 -21.510 79.032 0.29817
71.676 -54.980 79.252 0.27879
47.362 -26.392 63.537 0.33641
-109.566 -5.440 -118.731 0.27407
-84.800 -13.999 167.775 0.31567
118.385 20.614 -170.860 0.30692
112.299 38.283 51.625 0.27394
167.293 -5.029 164.211 0.32131
-155.899 61.145 -34.321 0.29266
69.437 69.499 137.746 0.30212
166.986 71.505 118.183 0.26793
76.450 57.188 155.677 0.34159
15.120 -24.538 83.892 0.30153
136.433 17.280 -4.371 0.28377
79.083 -9.843 9.955 0.27058
86.218 29.344 93.212 0.29412
-115.364 -17.230 -84.325 0.30491
17.920 -6.766 48.943 0.27219
63.191 10.102 -123.938 0.29045
128.234 -15.569 -60.060 0.30573
-124.651 -13.228 -72.322 0.28955
97.786 42.184 60.979 0.28722
-72.336 51.210 -41.711 0.27363
-142.225 23.086 148.857 0.29854
72.003 1.121 -34.246 0.27094
174.143 -14.761 163.053 0.34278
128.843 1.206 -135.772 0.27118
79.285 50.248 -68.371 0.26354
-66.805 15.923 -19.890 0.36005
54.573 -35.906 -156.518 0.31205
139.310 14.917 118.757 0.29117
48.931 66.755 7.778 0.28311
-114.085 28.428 91.689 0.32011
-165.096 57.366 -29.164 0.28248
99.606 -6.819 -139.760 0.31070
-57.192 67.633 -2.627 0.29369
120.122 63.567 59.697 0.30596
176.550 -45.247 -9.773 0.33649
-111.340 4.852 -30.888 0.26465
161.572 6.863 -134.311 0.27450
-2.157 49.893 -135.748 0.32138
42.861 16.247 -176.423 0.31979
-142.571 -12.010 -114.024 0.36077
128.803 -12.889 156.561 0.28833
160.819 70.202 -7.592 0.28406
142.937 15.840 23.637 0.26823
77.990 -16.497 -98.691 0.28641
140.624 28.981 170.221 0.31040
22.737 -58.214 108.789 0.30953
23.903 -13.658 160.433 0.31015
104.192 35.094 -62.870 0.29334
70.698 44.878 135.123 0.27129
-40.483 -1.563 -129.725 0.27858
