9.500000000000000000e+00 5.317657562402617295e-08
2.550000000000000000e+01 3.651827152973513332e-08
4.150000000000000000e+01 1.143444676768463609e-08
5.750000000000000000e+01 1.859164970122247483e-08
7.350000000000000000e+01 3.004848953625076534e-09
8.950000000000000000e+01 1.801788553395513334e-08
1.055000000000000000e+02 4.778223151477559475e-09
1.215000000000000000e+02 5.054582699250651877e-09
1.375000000000000000e+02 6.311198705861767312e-09
1.535000000000000000e+02 4.431660818084479151e-09
1.695000000000000000e+02 5.964743226995394159e-09
1.855000000000000000e+02 6.109490502346853173e-09
2.015000000000000000e+02 1.395580251894622793e-10
2.175000000000000000e+02 4.873155014640634253e-09
2.335000000000000000e+02 2.288310561000473651e-09
2.495000000000000000e+02 2.221630630351901682e-09
2.655000000000000000e+02 2.164695788577711578e-09
2.815000000000000000e+02 2.408620102266269668e-09
2.975000000000000000e+02 2.764463275714633172e-09
3.135000000000000000e+02 2.794161915602180606e-09
3.295000000000000000e+02 9.963249413968429551e-10
3.455000000000000000e+02 2.407740757199496775e-09
3.615000000000000000e+02 1.712932670736874308e-09
3.775000000000000000e+02 1.676642338431032759e-09
3.935000000000000000e+02 2.061693473886474288e-09
4.095000000000000000e+02 1.117739059129199733e-09
4.255000000000000000e+02 1.594888652324423062e-09
4.415000000000000000e+02 1.608093186485773336e-09
4.575000000000000000e+02 1.023933096722994917e-09
4.735000000000000000e+02 1.201670340244758517e-09
4.895000000000000000e+02 8.098627096370823735e-10
5.055000000000000000e+02 1.636786894730526697e-09
5.215000000000000000e+02 7.309614056426421806e-10
5.375000000000000000e+02 1.082583441312650659e-09
5.535000000000000000e+02 1.012018130975166667e-09
5.695000000000000000e+02 1.102792672331667234e-09
5.855000000000000000e+02 8.201204445802153250e-10
6.015000000000000000e+02 7.808328682261619922e-10
6.175000000000000000e+02 8.807496934112478144e-10
6.335000000000000000e+02 8.498530951620419429e-10
6.495000000000000000e+02 7.877006937727808572e-10
6.655000000000000000e+02 7.247709342881050990e-10
6.815000000000000000e+02 6.569865387029045088e-10
6.975000000000000000e+02 7.485911595138094932e-10
7.135000000000000000e+02 6.193007965867826854e-10
7.295000000000000000e+02 6.701735284742331839e-10
7.455000000000000000e+02 5.822185350868271532e-10
7.615000000000000000e+02 4.609371239516829141e-10
7.775000000000000000e+02 6.551040765286717498e-10
7.935000000000000000e+02 7.939452599463234353e-10
8.095000000000000000e+02 4.626009520055444019e-10
8.255000000000000000e+02 3.688889415942931663e-10
8.415000000000000000e+02 8.147063661947422586e-10
8.575000000000000000e+02 5.739819489153341082e-10
8.735000000000000000e+02 4.956471407665451903e-10
8.895000000000000000e+02 5.213506223761189455e-10
9.055000000000000000e+02 5.081823423287451158e-10
9.215000000000000000e+02 4.038055402081048482e-10
9.375000000000000000e+02 6.093688122236265184e-10
9.535000000000000000e+02 3.745532192349452390e-10
9.695000000000000000e+02 4.063123971775796230e-10
9.855000000000000000e+02 5.088697490336742127e-10
1.001500000000000000e+03 3.322658077811997584e-10
1.017500000000000000e+03 4.622143101288940418e-10
1.033500000000000000e+03 3.385370699732133358e-10
1.049500000000000000e+03 3.468013456577065835e-10
1.065500000000000000e+03 5.626418646248861735e-10
1.081500000000000000e+03 2.555183137427992095e-10
1.097500000000000000e+03 3.730797508947819904e-10
1.113500000000000000e+03 4.083066674257727946e-10
1.129500000000000000e+03 3.432665882709983425e-10
1.145500000000000000e+03 5.258784083940415560e-10
1.161500000000000000e+03 3.043658306028068776e-10
1.177500000000000000e+03 2.891360439210518275e-10
1.193500000000000000e+03 2.464916467360195449e-10
1.209500000000000000e+03 3.810031538079255866e-10
1.225500000000000000e+03 2.857063088281417991e-10
1.241500000000000000e+03 3.236031720875783627e-10
1.257500000000000000e+03 3.431967011280518919e-10
1.273500000000000000e+03 2.225699912454928479e-10
1.289500000000000000e+03 4.088546346790420404e-10
1.305500000000000000e+03 3.424762909123968176e-10
1.321500000000000000e+03 2.941296126260072426e-10
1.337500000000000000e+03 2.648428994717238228e-10
1.353500000000000000e+03 2.829416594848511039e-10
1.369500000000000000e+03 2.620229775428402721e-10
1.385500000000000000e+03 2.523263244582780864e-10
1.401500000000000000e+03 3.090104107692437630e-10
1.417500000000000000e+03 3.048868776027539433e-10
1.433500000000000000e+03 2.799877547531363315e-10
1.449500000000000000e+03 2.212244392171687442e-10
1.465500000000000000e+03 2.450583039270355176e-10
1.481500000000000000e+03 2.678745030562415056e-10
1.497500000000000000e+03 2.364490335107701721e-10
1.513500000000000000e+03 4.287551457531848185e-10
