1.750000000000000000e+01 1.855654536982843431e-08
4.950000000000000000e+01 1.914194389372554448e-08
8.150000000000000000e+01 8.234660898403859111e-09
1.135000000000000000e+02 7.341310792222662594e-09
1.455000000000000000e+02 5.762649887006192111e-09
1.775000000000000000e+02 4.377546265496421126e-09
2.095000000000000000e+02 3.369594103142906866e-09
2.415000000000000000e+02 3.319371885416538695e-09
2.735000000000000000e+02 2.112077045121046281e-09
3.055000000000000000e+02 2.750934599685167562e-09
3.375000000000000000e+02 1.700287141242498699e-09
3.695000000000000000e+02 1.268536522082958090e-09
4.015000000000000000e+02 1.695753833090883156e-09
4.335000000000000000e+02 1.355822472233091543e-09
4.655000000000000000e+02 1.322255838038012393e-09
4.975000000000000000e+02 1.034311261107529645e-09
5.295000000000000000e+02 1.018477073358749464e-09
5.615000000000000000e+02 9.678879686987788343e-10
5.935000000000000000e+02 8.752503869612121561e-10
6.255000000000000000e+02 8.461268255829994541e-10
6.575000000000000000e+02 7.196594826630356392e-10
6.895000000000000000e+02 6.541437273347143070e-10
7.215000000000000000e+02 7.182693224543175789e-10
7.535000000000000000e+02 7.445787448429471673e-10
7.855000000000000000e+02 4.846622303814605091e-10
8.175000000000000000e+02 6.972189431437740858e-10
8.495000000000000000e+02 6.280581752579462835e-10
8.815000000000000000e+02 5.045671816863987537e-10
9.135000000000000000e+02 5.280077526737024348e-10
9.455000000000000000e+02 5.123472056011411564e-10
9.775000000000000000e+02 3.736799942953533475e-10
1.009500000000000000e+03 4.427176282742773211e-10
1.041500000000000000e+03 3.913882590083955618e-10
1.073500000000000000e+03 3.930715372814205653e-10
1.105500000000000000e+03 4.316647731096530471e-10
1.137500000000000000e+03 3.288400231308495740e-10
1.169500000000000000e+03 4.120225193289262019e-10
1.201500000000000000e+03 3.612741963584131222e-10
1.233500000000000000e+03 2.870612287552746807e-10
1.265500000000000000e+03 2.664969080655668938e-10
1.297500000000000000e+03 3.133453832122814669e-10
1.329500000000000000e+03 3.173082975483587140e-10
1.361500000000000000e+03 2.894685269059589406e-10
1.393500000000000000e+03 2.460776699549521097e-10
1.425500000000000000e+03 2.791810094425522453e-10
1.457500000000000000e+03 2.975874772034036230e-10
1.489500000000000000e+03 3.609720061865806456e-10
