9.500000000000000000e+00 4.209121613691486770e-08
2.550000000000000000e+01 2.193977321835373862e-08
4.150000000000000000e+01 2.503978443656212620e-08
5.750000000000000000e+01 1.506281893581903227e-08
7.350000000000000000e+01 1.362742179061902308e-08
8.950000000000000000e+01 9.652850443069137974e-09
1.055000000000000000e+02 7.840621017970050960e-09
1.215000000000000000e+02 1.021737414427608958e-08
1.375000000000000000e+02 7.045569476216926961e-09
1.535000000000000000e+02 9.975878873575004523e-09
1.695000000000000000e+02 5.620494301655362550e-09
1.855000000000000000e+02 1.663580033354195140e-09
2.015000000000000000e+02 3.172695770552405265e-09
2.175000000000000000e+02 2.948903745137043619e-09
2.335000000000000000e+02 5.597801906372540327e-09
2.495000000000000000e+02 1.670943901009883948e-09
2.655000000000000000e+02 2.852896281745669056e-09
2.815000000000000000e+02 2.706949956215955036e-09
2.975000000000000000e+02 1.866380337773476483e-09
3.135000000000000000e+02 1.600920085012936232e-09
3.295000000000000000e+02 2.257644968757289430e-09
3.455000000000000000e+02 1.994263604847541854e-09
3.615000000000000000e+02 1.606307747418185379e-09
3.775000000000000000e+02 1.444115921767495126e-09
3.935000000000000000e+02 1.850892812062867381e-09
4.095000000000000000e+02 1.016080410219087716e-09
4.255000000000000000e+02 1.607179553962742818e-09
4.415000000000000000e+02 1.219890840940707669e-09
4.575000000000000000e+02 8.008838316889660469e-10
4.735000000000000000e+02 1.145999952038990860e-09
4.895000000000000000e+02 1.097422781468682233e-09
5.055000000000000000e+02 1.315425072717609089e-09
5.215000000000000000e+02 7.404638904973736772e-10
5.375000000000000000e+02 1.090766131893430975e-09
5.535000000000000000e+02 1.626111713088172782e-09
5.695000000000000000e+02 9.089159549445241741e-10
5.855000000000000000e+02 1.086765928926694099e-09
6.015000000000000000e+02 8.857959744564635907e-10
6.175000000000000000e+02 7.381525967275106262e-10
6.335000000000000000e+02 8.672850898717135480e-10
6.495000000000000000e+02 9.087533653091974116e-10
6.655000000000000000e+02 7.900888430853635333e-10
6.815000000000000000e+02 8.985063498612115081e-10
6.975000000000000000e+02 5.287790270983501164e-10
7.135000000000000000e+02 8.180207136484135706e-10
7.295000000000000000e+02 8.513587361016979675e-10
7.455000000000000000e+02 7.805265921353527936e-10
7.615000000000000000e+02 5.367306345343043485e-10
7.775000000000000000e+02 6.427357001669900534e-10
7.935000000000000000e+02 7.107094795250321469e-10
8.095000000000000000e+02 4.599092763299366394e-10
8.255000000000000000e+02 7.226151880016394938e-10
8.415000000000000000e+02 4.290565433505622365e-10
8.575000000000000000e+02 4.562299664316186858e-10
8.735000000000000000e+02 7.245302280862835008e-10
8.895000000000000000e+02 6.193612696121128744e-10
9.055000000000000000e+02 4.409796529523808006e-10
9.215000000000000000e+02 5.911110278477926542e-10
9.375000000000000000e+02 4.315156606201901691e-10
9.535000000000000000e+02 4.062553384269653369e-10
9.695000000000000000e+02 4.527404220130596082e-10
9.855000000000000000e+02 4.528011064715108708e-10
1.001500000000000000e+03 5.094573414380029919e-10
1.017500000000000000e+03 3.588765807653030784e-10
1.033500000000000000e+03 5.675268013465434519e-10
1.049500000000000000e+03 4.262459489815158825e-10
1.065500000000000000e+03 3.118234202038003964e-10
1.081500000000000000e+03 3.119818050505702229e-10
1.097500000000000000e+03 4.341327160119702552e-10
1.113500000000000000e+03 3.606470782234995193e-10
1.129500000000000000e+03 6.572138950076793679e-10
1.145500000000000000e+03 2.280946771047938472e-10
1.161500000000000000e+03 3.465135722986892788e-10
1.177500000000000000e+03 3.065113809709050584e-10
1.193500000000000000e+03 3.595483466487207673e-10
1.209500000000000000e+03 2.828911088831545658e-10
1.225500000000000000e+03 4.135109680070848975e-10
1.241500000000000000e+03 3.437659866139578932e-10
1.257500000000000000e+03 3.914475539304411411e-10
1.273500000000000000e+03 3.829278861319357444e-10
1.289500000000000000e+03 2.825399184037108799e-10
1.305500000000000000e+03 3.609874139280906873e-10
1.321500000000000000e+03 2.871559025421250161e-10
1.337500000000000000e+03 2.669333496012697456e-10
1.353500000000000000e+03 3.131072548089972147e-10
1.369500000000000000e+03 2.604427154669726441e-10
1.385500000000000000e+03 2.808146290378694537e-10
1.401500000000000000e+03 2.933061401686215572e-10
1.417500000000000000e+03 3.717070020214922361e-10
1.433500000000000000e+03 2.303009157066925932e-10
1.449500000000000000e+03 3.575410679186257548e-10
1.465500000000000000e+03 2.978185745617134121e-10
1.481500000000000000e+03 2.883682296414472231e-10
1.497500000000000000e+03 2.584390715661161313e-10
1.513500000000000000e+03 3.960824337611009722e-10
