9.500000000000000000e+00 1.620531909392565145e-08
2.550000000000000000e+01 2.823987805505677851e-08
4.150000000000000000e+01 3.366832776180852458e-08
5.750000000000000000e+01 3.645966038155287428e-08
7.350000000000000000e+01 1.067065676308437833e-08
8.950000000000000000e+01 4.047624202590049139e-09
1.055000000000000000e+02 9.446291122373089034e-09
1.215000000000000000e+02 7.932976430210369462e-09
1.375000000000000000e+02 6.560734652306148716e-09
1.535000000000000000e+02 9.406064174945449270e-09
1.695000000000000000e+02 3.161291692022236806e-09
1.855000000000000000e+02 3.924607620808725285e-09
2.015000000000000000e+02 3.022709653934779153e-09
2.175000000000000000e+02 4.252943808312287073e-09
2.335000000000000000e+02 2.825660144286308222e-09
2.495000000000000000e+02 4.647234032734969971e-09
2.655000000000000000e+02 2.576855710209650838e-09
2.815000000000000000e+02 2.788081805946393292e-09
2.975000000000000000e+02 2.151619266175474929e-09
3.135000000000000000e+02 3.346597711570599611e-09
3.295000000000000000e+02 2.208273072806312480e-09
3.455000000000000000e+02 2.087589642052301557e-09
3.615000000000000000e+02 1.124570416282558494e-09
3.775000000000000000e+02 2.101999625621866386e-09
3.935000000000000000e+02 1.175631643110956458e-09
4.095000000000000000e+02 2.102011377020547348e-09
4.255000000000000000e+02 9.474232117315541867e-10
4.415000000000000000e+02 1.268342072054476867e-09
4.575000000000000000e+02 1.137630432504175962e-09
4.735000000000000000e+02 1.026734173796741636e-09
4.895000000000000000e+02 1.507287316442957647e-09
5.055000000000000000e+02 1.281060023170409793e-09
5.215000000000000000e+02 1.118282644276821307e-09
5.375000000000000000e+02 1.585779411833026588e-09
5.535000000000000000e+02 6.695112231487120671e-10
5.695000000000000000e+02 1.392590530548326788e-09
5.855000000000000000e+02 6.536578212347846157e-10
6.015000000000000000e+02 9.137083902170822867e-10
6.175000000000000000e+02 1.080868139318225536e-09
6.335000000000000000e+02 8.919884706781130980e-10
6.495000000000000000e+02 8.878837610189060217e-10
6.655000000000000000e+02 5.730339345539350878e-10
6.815000000000000000e+02 6.904683716915282827e-10
6.975000000000000000e+02 5.147376650443520420e-10
7.135000000000000000e+02 9.308355211282691464e-10
7.295000000000000000e+02 7.950908650817120217e-10
7.455000000000000000e+02 7.888373458133958533e-10
7.615000000000000000e+02 6.129192345925642206e-10
7.775000000000000000e+02 7.330604365564729029e-10
7.935000000000000000e+02 5.999990421421981880e-10
8.095000000000000000e+02 5.862349846864351941e-10
8.255000000000000000e+02 5.577824987718693128e-10
8.415000000000000000e+02 7.370474362299571894e-10
8.575000000000000000e+02 5.414873669889016090e-10
8.735000000000000000e+02 5.542649049625768385e-10
8.895000000000000000e+02 4.616711023753947730e-10
9.055000000000000000e+02 5.702927811460302831e-10
9.215000000000000000e+02 5.541649543477188954e-10
9.375000000000000000e+02 5.074538928051553655e-10
9.535000000000000000e+02 3.656940044561969487e-10
9.695000000000000000e+02 5.775733227087168657e-10
9.855000000000000000e+02 5.741100670161740324e-10
1.001500000000000000e+03 5.541526273430521612e-10
1.017500000000000000e+03 2.117847765144966300e-10
1.033500000000000000e+03 4.333716981840363737e-10
1.049500000000000000e+03 4.181701735913903799e-10
1.065500000000000000e+03 2.658163096814947985e-10
1.081500000000000000e+03 5.922137891602097362e-10
1.097500000000000000e+03 3.639550928116983116e-10
1.113500000000000000e+03 4.087409046564331960e-10
1.129500000000000000e+03 3.762917428423810751e-10
1.145500000000000000e+03 4.153345231211552918e-10
1.161500000000000000e+03 4.672625365088540745e-10
1.177500000000000000e+03 3.908986048707782112e-10
1.193500000000000000e+03 3.802418082564526990e-10
1.209500000000000000e+03 2.954742390393566198e-10
1.225500000000000000e+03 3.278920328160455997e-10
1.241500000000000000e+03 4.184375348178748723e-10
1.257500000000000000e+03 4.121760250780187365e-10
1.273500000000000000e+03 3.296172947386118479e-10
1.289500000000000000e+03 3.262877097802135114e-10
1.305500000000000000e+03 3.236897521087332612e-10
1.321500000000000000e+03 3.709090767045537476e-10
1.337500000000000000e+03 3.190213341965163564e-10
1.353500000000000000e+03 3.426283567251140129e-10
1.369500000000000000e+03 3.243681105711400320e-10
1.385500000000000000e+03 2.913776372050401141e-10
1.401500000000000000e+03 4.118127765148001943e-10
1.417500000000000000e+03 3.065004651624062424e-10
1.433500000000000000e+03 2.734330961901917608e-10
1.449500000000000000e+03 3.205297895628206986e-10
1.465500000000000000e+03 3.366032682366119695e-10
1.481500000000000000e+03 2.438640867769020595e-10
1.497500000000000000e+03 3.235995349008803388e-10
1.513500000000000000e+03 4.379767565908541139e-10
