1.750000000000000000e+01 1.044725939086673835e-07
4.950000000000000000e+01 2.465992424616196166e-08
8.150000000000000000e+01 1.375902247991092609e-08
1.135000000000000000e+02 1.226747972163252232e-08
1.455000000000000000e+02 8.551520986198053657e-09
1.775000000000000000e+02 4.169427827682048219e-09
2.095000000000000000e+02 3.455770171453631459e-09
2.415000000000000000e+02 4.140199130559601213e-09
2.735000000000000000e+02 3.101500300426059004e-09
3.055000000000000000e+02 2.767623648848011543e-09
3.375000000000000000e+02 2.212273162271843556e-09
3.695000000000000000e+02 2.266636365933580629e-09
4.015000000000000000e+02 1.798084011126507431e-09
4.335000000000000000e+02 1.633689236821348079e-09
4.655000000000000000e+02 1.196796728661957971e-09
4.975000000000000000e+02 1.574431118767199107e-09
5.295000000000000000e+02 1.368870000055786559e-09
5.615000000000000000e+02 9.999921671898918138e-10
5.935000000000000000e+02 1.252524884272293728e-09
6.255000000000000000e+02 9.940995961584865743e-10
6.575000000000000000e+02 1.036778815097398662e-09
6.895000000000000000e+02 1.003592353731099451e-09
7.215000000000000000e+02 7.969673466131403861e-10
7.535000000000000000e+02 7.768827643320778375e-10
7.855000000000000000e+02 6.109774686612423964e-10
8.175000000000000000e+02 7.178710229023443503e-10
8.495000000000000000e+02 7.711337597767198639e-10
8.815000000000000000e+02 5.394235046176053475e-10
9.135000000000000000e+02 5.952624834974398343e-10
9.455000000000000000e+02 5.083836119531950166e-10
9.775000000000000000e+02 4.955800360558505670e-10
1.009500000000000000e+03 4.743508744734932231e-10
1.041500000000000000e+03 4.606025753919555375e-10
1.073500000000000000e+03 4.620277352597496508e-10
1.105500000000000000e+03 3.851435635544701208e-10
1.137500000000000000e+03 4.098882584107272615e-10
1.169500000000000000e+03 3.771193325915130185e-10
1.201500000000000000e+03 4.094462855466081992e-10
1.233500000000000000e+03 3.062937523648731203e-10
1.265500000000000000e+03 3.895374117670338978e-10
1.297500000000000000e+03 3.007840768903575866e-10
1.329500000000000000e+03 3.186734931488631098e-10
1.361500000000000000e+03 3.123277650539878730e-10
1.393500000000000000e+03 2.977115234765269432e-10
1.425500000000000000e+03 2.906025643978992752e-10
1.457500000000000000e+03 2.973634030251769232e-10
1.489500000000000000e+03 3.639476535369132968e-10
