9.500000000000000000e+00 -4.306107380491029429e-08
2.550000000000000000e+01 7.936293601599318654e-08
4.150000000000000000e+01 2.111283784634462662e-08
5.750000000000000000e+01 1.956585305095297984e-08
7.350000000000000000e+01 1.131872041847436812e-08
8.950000000000000000e+01 8.496499515516238234e-09
1.055000000000000000e+02 2.082250132897045786e-08
1.215000000000000000e+02 2.121779198160040374e-09
1.375000000000000000e+02 6.026613680897871044e-09
1.535000000000000000e+02 5.005987231185615202e-09
1.695000000000000000e+02 3.778579949520808873e-09
1.855000000000000000e+02 3.829397267148101763e-09
2.015000000000000000e+02 4.340426946105295290e-09
2.175000000000000000e+02 3.895967559565698774e-09
2.335000000000000000e+02 3.334928635789218813e-09
2.495000000000000000e+02 2.241189503656653680e-09
2.655000000000000000e+02 1.673109215720236647e-09
2.815000000000000000e+02 3.809378521526371523e-09
2.975000000000000000e+02 8.384935349528454282e-10
3.135000000000000000e+02 1.680608482616507627e-09
3.295000000000000000e+02 1.494456661267229156e-09
3.455000000000000000e+02 1.828664797028667617e-09
3.615000000000000000e+02 1.124522650849595529e-09
3.775000000000000000e+02 3.189358263197493479e-09
3.935000000000000000e+02 1.563910289442940055e-09
4.095000000000000000e+02 1.651679425940999269e-09
4.255000000000000000e+02 1.427362379723703451e-09
4.415000000000000000e+02 1.511418398669151227e-09
4.575000000000000000e+02 1.103579579660676263e-09
4.735000000000000000e+02 1.380038341413973824e-09
4.895000000000000000e+02 1.630617718816217562e-09
5.055000000000000000e+02 1.100379327217579479e-09
5.215000000000000000e+02 1.318073451290134207e-09
5.375000000000000000e+02 1.252307367397546339e-09
5.535000000000000000e+02 1.086710678899026940e-09
5.695000000000000000e+02 1.093537555631234446e-09
5.855000000000000000e+02 1.066889701194779813e-09
6.015000000000000000e+02 9.979224302331419644e-10
6.175000000000000000e+02 1.121266224043813160e-09
6.335000000000000000e+02 1.106485902615243494e-09
6.495000000000000000e+02 7.359077368253117854e-10
6.655000000000000000e+02 9.137681495584606762e-10
6.815000000000000000e+02 1.008009481845891459e-09
6.975000000000000000e+02 7.639849665109491723e-10
7.135000000000000000e+02 5.968141432219801203e-10
7.295000000000000000e+02 7.561855871503225184e-10
7.455000000000000000e+02 9.164700801060583942e-10
7.615000000000000000e+02 6.367424150729167154e-10
7.775000000000000000e+02 5.459087694655387855e-10
7.935000000000000000e+02 8.065744126089575720e-10
8.095000000000000000e+02 5.363995997646328965e-10
8.255000000000000000e+02 6.730550984378145499e-10
8.415000000000000000e+02 5.955665308503765066e-10
8.575000000000000000e+02 6.160103243044962280e-10
8.735000000000000000e+02 4.365691669206897824e-10
8.895000000000000000e+02 6.470884597694351410e-10
9.055000000000000000e+02 4.606273899737906230e-10
9.215000000000000000e+02 6.044266661326881728e-10
9.375000000000000000e+02 5.866164395212329789e-10
9.535000000000000000e+02 4.803009501751854581e-10
9.695000000000000000e+02 5.232467707434613646e-10
9.855000000000000000e+02 4.911137128707747319e-10
1.001500000000000000e+03 5.653427536212282682e-10
1.017500000000000000e+03 3.869243121629928907e-10
1.033500000000000000e+03 6.057871919127760958e-10
1.049500000000000000e+03 3.053497544243729006e-10
1.065500000000000000e+03 5.108942676751251128e-10
1.081500000000000000e+03 4.545246919979168413e-10
1.097500000000000000e+03 4.670448285306840216e-10
1.113500000000000000e+03 2.992636920840471800e-10
1.129500000000000000e+03 3.264275639577742328e-10
1.145500000000000000e+03 4.696750913285444202e-10
1.161500000000000000e+03 4.134911141532948642e-10
1.177500000000000000e+03 3.916212464134511292e-10
1.193500000000000000e+03 3.132756232025207907e-10
1.209500000000000000e+03 4.440199793390529606e-10
1.225500000000000000e+03 2.628669386280351441e-10
1.241500000000000000e+03 4.883993807612773937e-10
1.257500000000000000e+03 3.674698829734846114e-10
1.273500000000000000e+03 3.100378850038613665e-10
1.289500000000000000e+03 4.418366382971693209e-10
1.305500000000000000e+03 3.853186660179079555e-10
1.321500000000000000e+03 2.907792547195091477e-10
1.337500000000000000e+03 3.284980362547772446e-10
1.353500000000000000e+03 3.033129943408722062e-10
1.369500000000000000e+03 3.638470146354904342e-10
1.385500000000000000e+03 2.913685042617429649e-10
1.401500000000000000e+03 3.027365381310557930e-10
1.417500000000000000e+03 3.002096810260611069e-10
1.433500000000000000e+03 2.955472682176779318e-10
1.449500000000000000e+03 3.050287966214947945e-10
1.465500000000000000e+03 2.937533999487625119e-10
1.481500000000000000e+03 2.383721297360980568e-10
1.497500000000000000e+03 3.232968612788575529e-10
1.513500000000000000e+03 4.628287234615340684e-10
