9.500000000000000000e+00 2.014049683249238095e-07
2.550000000000000000e+01 1.995973038263352649e-08
4.150000000000000000e+01 5.137055704223065230e-08
5.750000000000000000e+01 2.452538285062339311e-08
7.350000000000000000e+01 6.579009283406551973e-09
8.950000000000000000e+01 1.819264132620226541e-08
1.055000000000000000e+02 1.691518163796156617e-08
1.215000000000000000e+02 5.470144615885957457e-09
1.375000000000000000e+02 1.215682539739264551e-08
1.535000000000000000e+02 7.370173723963620804e-09
1.695000000000000000e+02 3.430889348453305150e-09
1.855000000000000000e+02 5.700256986549698094e-09
2.015000000000000000e+02 1.945551329084013791e-09
2.175000000000000000e+02 3.864878109189202582e-09
2.335000000000000000e+02 6.049050717898395674e-09
2.495000000000000000e+02 1.937855989991055168e-09
2.655000000000000000e+02 3.893437326393480582e-09
2.815000000000000000e+02 2.697877952044508780e-09
2.975000000000000000e+02 3.752625945785302656e-09
3.135000000000000000e+02 1.765745946818371348e-09
3.295000000000000000e+02 2.585515809989802237e-09
3.455000000000000000e+02 2.140017024132890657e-09
3.615000000000000000e+02 2.302441230789068743e-09
3.775000000000000000e+02 2.322274355110650035e-09
3.935000000000000000e+02 1.560225444916808971e-09
4.095000000000000000e+02 1.922870671081267631e-09
4.255000000000000000e+02 1.924132843767391917e-09
4.415000000000000000e+02 1.360260926565263637e-09
4.575000000000000000e+02 1.026798464642717840e-09
4.735000000000000000e+02 1.520904265517006355e-09
4.895000000000000000e+02 1.352476167582021374e-09
5.055000000000000000e+02 1.805268680349511752e-09
5.215000000000000000e+02 9.878182244917453450e-10
5.375000000000000000e+02 1.772812531558550448e-09
5.535000000000000000e+02 7.281831893941335306e-10
5.695000000000000000e+02 1.108012645646413812e-09
5.855000000000000000e+02 1.385129836708778689e-09
6.015000000000000000e+02 1.017154953740714913e-09
6.175000000000000000e+02 1.240301965301887127e-09
6.335000000000000000e+02 8.005360176306470779e-10
6.495000000000000000e+02 1.100386153265059903e-09
6.655000000000000000e+02 1.076048802535825825e-09
6.815000000000000000e+02 8.871618570923397699e-10
6.975000000000000000e+02 9.833962253814292882e-10
7.135000000000000000e+02 1.172324484198077723e-09
7.295000000000000000e+02 4.196961715552822112e-10
7.455000000000000000e+02 8.148293260705762946e-10
7.615000000000000000e+02 8.568340865497437916e-10
7.775000000000000000e+02 6.108735397712876959e-10
7.935000000000000000e+02 5.993559970696714793e-10
8.095000000000000000e+02 6.620896735440562796e-10
8.255000000000000000e+02 7.356483736663603114e-10
8.415000000000000000e+02 9.219016414642130370e-10
8.575000000000000000e+02 5.491818434542994005e-10
8.735000000000000000e+02 7.405002783724326886e-10
8.895000000000000000e+02 4.269061188887443283e-10
9.055000000000000000e+02 5.438684736488903575e-10
9.215000000000000000e+02 6.846134368933547719e-10
9.375000000000000000e+02 4.862474028048683855e-10
9.535000000000000000e+02 5.070368122457675441e-10
9.695000000000000000e+02 4.784912952564365863e-10
9.855000000000000000e+02 5.072302976274144003e-10
1.001500000000000000e+03 4.990858446767702619e-10
1.017500000000000000e+03 4.400867713272074272e-10
1.033500000000000000e+03 4.811640440414352386e-10
1.049500000000000000e+03 4.382306231272422980e-10
1.065500000000000000e+03 5.020519428104795103e-10
1.081500000000000000e+03 4.340172953165292047e-10
1.097500000000000000e+03 3.649180423996014533e-10
1.113500000000000000e+03 4.329010819596505079e-10
1.129500000000000000e+03 3.503298419008753472e-10
1.145500000000000000e+03 4.559767970467706961e-10
1.161500000000000000e+03 3.730881978352418114e-10
1.177500000000000000e+03 3.495608484442643906e-10
1.193500000000000000e+03 4.626492000029178829e-10
1.209500000000000000e+03 3.833576260914003245e-10
1.225500000000000000e+03 2.456883456610392940e-10
1.241500000000000000e+03 4.042811487561434166e-10
1.257500000000000000e+03 2.936451322941604924e-10
1.273500000000000000e+03 4.681448339614216247e-10
1.289500000000000000e+03 2.516557263506792025e-10
1.305500000000000000e+03 3.375345426950267948e-10
1.321500000000000000e+03 2.880375340919924162e-10
1.337500000000000000e+03 3.090376191057685883e-10
1.353500000000000000e+03 4.009820944088480554e-10
1.369500000000000000e+03 2.302820401477454629e-10
1.385500000000000000e+03 2.818902849414465970e-10
1.401500000000000000e+03 3.494722158067283928e-10
1.417500000000000000e+03 2.550844201126107192e-10
1.433500000000000000e+03 2.931303132325430817e-10
1.449500000000000000e+03 3.197124605294914143e-10
1.465500000000000000e+03 3.150827193874684967e-10
1.481500000000000000e+03 2.638260069098453109e-10
1.497500000000000000e+03 2.663209178228175939e-10
1.513500000000000000e+03 4.155997244592625285e-10
