9.500000000000000000e+00 2.733349461167615014e-08
2.550000000000000000e+01 3.981582331441695959e-08
4.150000000000000000e+01 7.771554096884755275e-09
5.750000000000000000e+01 2.531140838852715243e-08
7.350000000000000000e+01 4.867380679658698587e-09
8.950000000000000000e+01 8.477791942735912182e-09
1.055000000000000000e+02 1.109053226374725421e-08
1.215000000000000000e+02 8.215264209636135614e-09
1.375000000000000000e+02 4.412489263079852682e-09
1.535000000000000000e+02 8.095286833719934419e-09
1.695000000000000000e+02 6.848825054411864876e-09
1.855000000000000000e+02 3.180766728248769804e-09
2.015000000000000000e+02 5.400346366896642125e-09
2.175000000000000000e+02 3.002024850953267169e-09
2.335000000000000000e+02 2.156402244408156501e-09
2.495000000000000000e+02 4.387231951934784715e-09
2.655000000000000000e+02 2.560998761430002964e-09
2.815000000000000000e+02 1.637048198177073731e-09
2.975000000000000000e+02 3.493048945693800845e-09
3.135000000000000000e+02 1.475173168843282255e-09
3.295000000000000000e+02 1.996972002021552694e-09
3.455000000000000000e+02 2.814014005648852714e-09
3.615000000000000000e+02 1.174158401890896327e-09
3.775000000000000000e+02 2.052864072023520783e-09
3.935000000000000000e+02 2.334299331827561479e-09
4.095000000000000000e+02 1.298816209071366864e-09
4.255000000000000000e+02 1.154542804982750194e-09
4.415000000000000000e+02 1.416333728151379419e-09
4.575000000000000000e+02 1.164849803204491802e-09
4.735000000000000000e+02 1.404979461999460475e-09
4.895000000000000000e+02 1.370808286703044998e-09
5.055000000000000000e+02 8.297076087746510625e-10
5.215000000000000000e+02 1.328354200789553576e-09
5.375000000000000000e+02 9.769256546044095954e-10
5.535000000000000000e+02 1.366091891600771634e-09
5.695000000000000000e+02 8.704150834316349568e-10
5.855000000000000000e+02 1.295235265360975691e-09
6.015000000000000000e+02 8.056507785390117488e-10
6.175000000000000000e+02 9.280952775110893223e-10
6.335000000000000000e+02 8.570577869107524659e-10
6.495000000000000000e+02 9.765656997951017207e-10
6.655000000000000000e+02 8.151859262803380675e-10
6.815000000000000000e+02 7.825671497671022721e-10
6.975000000000000000e+02 9.299767928917352218e-10
7.135000000000000000e+02 6.832505184288666208e-10
7.295000000000000000e+02 5.223511822905387456e-10
7.455000000000000000e+02 8.967050701514608629e-10
7.615000000000000000e+02 5.254003669240442710e-10
7.775000000000000000e+02 6.764159852751755161e-10
7.935000000000000000e+02 5.024209314292255285e-10
8.095000000000000000e+02 8.904788068789733953e-10
8.255000000000000000e+02 6.237634902021030339e-10
8.415000000000000000e+02 4.399593880863827112e-10
8.575000000000000000e+02 6.113787141083521110e-10
8.735000000000000000e+02 6.788650596399332122e-10
8.895000000000000000e+02 4.499918239067722290e-10
9.055000000000000000e+02 4.896153092226590923e-10
9.215000000000000000e+02 6.320803756836911102e-10
9.375000000000000000e+02 3.776499412891771408e-10
9.535000000000000000e+02 4.730943580797273510e-10
9.695000000000000000e+02 5.772158999015337994e-10
9.855000000000000000e+02 3.285381270993055609e-10
1.001500000000000000e+03 3.747351448565360421e-10
1.017500000000000000e+03 4.721610965874153978e-10
1.033500000000000000e+03 5.488019847655886560e-10
1.049500000000000000e+03 3.068548297475075530e-10
1.065500000000000000e+03 4.624334358433406442e-10
1.081500000000000000e+03 4.633695358538752510e-10
1.097500000000000000e+03 3.418687711760290226e-10
1.113500000000000000e+03 3.602851341828011246e-10
1.129500000000000000e+03 4.440349789918390640e-10
1.145500000000000000e+03 3.171431893802602029e-10
1.161500000000000000e+03 3.601011501687333491e-10
1.177500000000000000e+03 3.974490008457588299e-10
1.193500000000000000e+03 3.135884001883939067e-10
1.209500000000000000e+03 3.101082310157186505e-10
1.225500000000000000e+03 4.998457968515438873e-10
1.241500000000000000e+03 2.004493672125140146e-10
1.257500000000000000e+03 3.890969461512881938e-10
1.273500000000000000e+03 2.869235135933823373e-10
1.289500000000000000e+03 2.673410707544963442e-10
1.305500000000000000e+03 3.209382846674055561e-10
1.321500000000000000e+03 3.193216356684653156e-10
1.337500000000000000e+03 2.528157646640758176e-10
1.353500000000000000e+03 2.984954528563139540e-10
1.369500000000000000e+03 3.330915555999769326e-10
1.385500000000000000e+03 3.087763344235636317e-10
1.401500000000000000e+03 2.580750780099730237e-10
1.417500000000000000e+03 2.923486619541007240e-10
1.433500000000000000e+03 2.694624832352545457e-10
1.449500000000000000e+03 2.872276350136017037e-10
1.465500000000000000e+03 3.538630655938889630e-10
1.481500000000000000e+03 2.590705145790737748e-10
1.497500000000000000e+03 2.469521055579170683e-10
1.513500000000000000e+03 4.213365922256018924e-10
