9.500000000000000000e+00 -3.570389876883034555e-09
2.550000000000000000e+01 3.950558699543239524e-08
4.150000000000000000e+01 6.866406300075944662e-08
5.750000000000000000e+01 2.161390868563503907e-08
7.350000000000000000e+01 1.322512974245605836e-08
8.950000000000000000e+01 -9.044287589347502736e-11
1.055000000000000000e+02 1.073741278136750824e-08
1.215000000000000000e+02 4.962798118767855919e-09
1.375000000000000000e+02 9.357158062762834965e-09
1.535000000000000000e+02 7.503734777952174488e-09
1.695000000000000000e+02 5.568882934582956473e-09
1.855000000000000000e+02 3.132144117419699468e-09
2.015000000000000000e+02 5.045341989167291179e-09
2.175000000000000000e+02 3.195365369779872920e-09
2.335000000000000000e+02 4.042271640471425747e-09
2.495000000000000000e+02 2.111995515608936994e-09
2.655000000000000000e+02 3.088736575808772918e-09
2.815000000000000000e+02 2.401752273783600929e-09
2.975000000000000000e+02 2.314315517192514493e-09
3.135000000000000000e+02 3.200515593574456318e-09
3.295000000000000000e+02 1.615138135258273842e-09
3.455000000000000000e+02 2.032908706637488069e-09
3.615000000000000000e+02 1.851297751227632720e-09
3.775000000000000000e+02 1.707727530415255435e-09
3.935000000000000000e+02 4.538279954111030622e-10
4.095000000000000000e+02 2.583973926098058411e-09
4.255000000000000000e+02 1.355521837991642713e-09
4.415000000000000000e+02 1.405738771457890990e-09
4.575000000000000000e+02 1.392150514120524320e-09
4.735000000000000000e+02 9.898852886057993704e-10
4.895000000000000000e+02 1.949680447431594656e-09
5.055000000000000000e+02 1.220766248970091024e-09
5.215000000000000000e+02 8.009515061643462483e-10
5.375000000000000000e+02 1.605537953658469910e-09
5.535000000000000000e+02 1.157085809756666140e-09
5.695000000000000000e+02 7.982121408114547686e-10
5.855000000000000000e+02 1.088664456149000126e-09
6.015000000000000000e+02 7.305437881733247186e-10
6.175000000000000000e+02 1.291102216423642417e-09
6.335000000000000000e+02 5.751848452984453658e-10
6.495000000000000000e+02 9.611452465475566457e-10
6.655000000000000000e+02 7.556187762326140337e-10
6.815000000000000000e+02 8.192449004487994213e-10
6.975000000000000000e+02 6.135961309468735000e-10
7.135000000000000000e+02 8.752747818834650376e-10
7.295000000000000000e+02 6.242373124545650148e-10
7.455000000000000000e+02 8.174957128429426692e-10
7.615000000000000000e+02 4.240075901504457320e-10
7.775000000000000000e+02 8.719149646255871717e-10
7.935000000000000000e+02 7.165088172317813050e-10
8.095000000000000000e+02 4.469220304181917975e-10
8.255000000000000000e+02 6.751645494875561055e-10
8.415000000000000000e+02 5.999067929433627912e-10
8.575000000000000000e+02 4.779681092882117157e-10
8.735000000000000000e+02 6.841656775873858967e-10
8.895000000000000000e+02 4.704833303164247698e-10
9.055000000000000000e+02 3.724575294463797336e-10
9.215000000000000000e+02 7.013689407312455098e-10
9.375000000000000000e+02 3.769358020723074627e-10
9.535000000000000000e+02 5.009618032571542012e-10
9.695000000000000000e+02 3.828229719656555765e-10
9.855000000000000000e+02 5.439446378121368265e-10
1.001500000000000000e+03 3.233449643879138327e-10
1.017500000000000000e+03 3.124026217313882469e-10
1.033500000000000000e+03 6.095632664240928356e-10
1.049500000000000000e+03 3.296770186811479403e-10
1.065500000000000000e+03 5.229742390702151511e-10
1.081500000000000000e+03 3.041883791215298278e-10
1.097500000000000000e+03 5.399632475309684074e-10
1.113500000000000000e+03 3.708833830734060345e-10
1.129500000000000000e+03 3.810223341421602517e-10
1.145500000000000000e+03 4.167463149531775521e-10
1.161500000000000000e+03 2.886431118571459448e-10
1.177500000000000000e+03 4.534189502131149660e-10
1.193500000000000000e+03 3.308695134992229258e-10
1.209500000000000000e+03 3.886302858819282944e-10
1.225500000000000000e+03 3.625195204149808354e-10
1.241500000000000000e+03 3.122608537029462117e-10
1.257500000000000000e+03 2.930542665935904484e-10
1.273500000000000000e+03 3.218340049142846176e-10
1.289500000000000000e+03 3.345641087511783264e-10
1.305500000000000000e+03 3.102238859178018962e-10
1.321500000000000000e+03 3.139973237713944023e-10
1.337500000000000000e+03 3.292887937533024518e-10
1.353500000000000000e+03 3.226438774853783314e-10
1.369500000000000000e+03 2.675643879924959511e-10
1.385500000000000000e+03 3.298022207272227662e-10
1.401500000000000000e+03 2.996517213945350623e-10
1.417500000000000000e+03 3.770943491568651194e-10
1.433500000000000000e+03 2.064542788045461814e-10
1.449500000000000000e+03 3.279997238100026367e-10
1.465500000000000000e+03 2.721790054318560550e-10
1.481500000000000000e+03 3.292843396912572376e-10
1.497500000000000000e+03 2.375860080903943747e-10
1.513500000000000000e+03 4.355881374779385947e-10
