1.750000000000000000e+01 3.245278506841225094e-08
4.950000000000000000e+01 1.724405769184582123e-08
8.150000000000000000e+01 8.189142209278687167e-09
1.135000000000000000e+02 9.284684661776072076e-09
1.455000000000000000e+02 6.315186867473643482e-09
1.775000000000000000e+02 5.586835579307255956e-09
2.095000000000000000e+02 3.627925837111682149e-09
2.415000000000000000e+02 3.209773609054219393e-09
2.735000000000000000e+02 2.477975936489082624e-09
3.055000000000000000e+02 2.313716882586039468e-09
3.375000000000000000e+02 2.177620009216261276e-09
3.695000000000000000e+02 1.802631670924433275e-09
4.015000000000000000e+02 1.848739055876656970e-09
4.335000000000000000e+02 1.162952464040894958e-09
4.655000000000000000e+02 1.369052866357723903e-09
4.975000000000000000e+02 1.131703702816516145e-09
5.295000000000000000e+02 1.139040652287859181e-09
5.615000000000000000e+02 1.140353669746005826e-09
5.935000000000000000e+02 1.015980321337018160e-09
6.255000000000000000e+02 8.777940830379309214e-10
6.575000000000000000e+02 8.837475436721685250e-10
6.895000000000000000e+02 8.500932925101954591e-10
7.215000000000000000e+02 6.475280625137458176e-10
7.535000000000000000e+02 7.026318645634803685e-10
7.855000000000000000e+02 5.900376082524441244e-10
8.175000000000000000e+02 7.296863778847654744e-10
8.495000000000000000e+02 5.272987832782629436e-10
8.815000000000000000e+02 5.745094372771083680e-10
9.135000000000000000e+02 5.249377979235001469e-10
9.455000000000000000e+02 4.667753911223220195e-10
9.775000000000000000e+02 4.441717539952028636e-10
1.009500000000000000e+03 4.230001295342050818e-10
1.041500000000000000e+03 4.416620788902593646e-10
1.073500000000000000e+03 4.366290225868887673e-10
1.105500000000000000e+03 3.677923448066940757e-10
1.137500000000000000e+03 3.793170281481578238e-10
1.169500000000000000e+03 3.641177389909869355e-10
1.201500000000000000e+03 3.402731056174028341e-10
1.233500000000000000e+03 3.588653084367035709e-10
1.265500000000000000e+03 3.083997949156009597e-10
1.297500000000000000e+03 2.982969922148643149e-10
1.329500000000000000e+03 2.880133148878562324e-10
1.361500000000000000e+03 3.141810941826161137e-10
1.393500000000000000e+03 2.905133858630269459e-10
1.425500000000000000e+03 2.778323753871917607e-10
1.457500000000000000e+03 3.000493127867573598e-10
1.489500000000000000e+03 3.595793998671516174e-10
