9.500000000000000000e+00 3.893111502434143058e-08
2.550000000000000000e+01 -6.285290393177783684e-09
4.150000000000000000e+01 4.400493249055155522e-08
5.750000000000000000e+01 1.556621184309203637e-09
7.350000000000000000e+01 1.119005671945227325e-08
8.950000000000000000e+01 1.004832030614819980e-08
1.055000000000000000e+02 7.505040654419926039e-09
1.215000000000000000e+02 7.132298369015123450e-09
1.375000000000000000e+02 3.704443686480866147e-09
1.535000000000000000e+02 7.829250802658719658e-09
1.695000000000000000e+02 4.565448543832063801e-09
1.855000000000000000e+02 3.736839991540178298e-09
2.015000000000000000e+02 2.858510576060061799e-09
2.175000000000000000e+02 3.992315398373135814e-09
2.335000000000000000e+02 3.644314565761314877e-09
2.495000000000000000e+02 3.018865816154743730e-09
2.655000000000000000e+02 1.390606543880446851e-09
2.815000000000000000e+02 3.064768965960566584e-09
2.975000000000000000e+02 2.321654365380466734e-09
3.135000000000000000e+02 3.016513735456815612e-09
3.295000000000000000e+02 1.246914043686979317e-09
3.455000000000000000e+02 2.082940940250235675e-09
3.615000000000000000e+02 1.247724664607650355e-09
3.775000000000000000e+02 1.301821151141733941e-09
3.935000000000000000e+02 1.284506745557213696e-09
4.095000000000000000e+02 2.122274470753295404e-09
4.255000000000000000e+02 1.276328389026146968e-09
4.415000000000000000e+02 1.332224468268565637e-09
4.575000000000000000e+02 1.207706176700583023e-09
4.735000000000000000e+02 1.498386782653871435e-09
4.895000000000000000e+02 8.920279744762899776e-10
5.055000000000000000e+02 1.079805438463104389e-09
5.215000000000000000e+02 1.134248426820305238e-09
5.375000000000000000e+02 8.828070251311079797e-10
5.535000000000000000e+02 9.900783185487481347e-10
5.695000000000000000e+02 9.948832384092083703e-10
5.855000000000000000e+02 8.777864762831293270e-10
6.015000000000000000e+02 7.345790587309568863e-10
6.175000000000000000e+02 1.228343831054806056e-09
6.335000000000000000e+02 5.377152849006802858e-10
6.495000000000000000e+02 6.314157479125324521e-10
6.655000000000000000e+02 9.346472344908294507e-10
6.815000000000000000e+02 5.366650242930216912e-10
6.975000000000000000e+02 7.613255011371862020e-10
7.135000000000000000e+02 5.286578937933396764e-10
7.295000000000000000e+02 8.251231120310200254e-10
7.455000000000000000e+02 8.974933499592108993e-10
7.615000000000000000e+02 5.845429962309968836e-10
7.775000000000000000e+02 4.180701940061389008e-10
7.935000000000000000e+02 5.367293406025770084e-10
8.095000000000000000e+02 9.018954132638005281e-10
8.255000000000000000e+02 4.747655924863942919e-10
8.415000000000000000e+02 6.106444987988659837e-10
8.575000000000000000e+02 7.747375321863940892e-10
8.735000000000000000e+02 3.272499907471977677e-10
8.895000000000000000e+02 6.224671609895476743e-10
9.055000000000000000e+02 5.417944745858314192e-10
9.215000000000000000e+02 5.232739629459250188e-10
9.375000000000000000e+02 3.752478268376442359e-10
9.535000000000000000e+02 6.608233830014358759e-10
9.695000000000000000e+02 3.509486572147499494e-10
9.855000000000000000e+02 3.207166787789675765e-10
1.001500000000000000e+03 5.255248756214019236e-10
1.017500000000000000e+03 3.991683626481340611e-10
1.033500000000000000e+03 3.273866617168577746e-10
1.049500000000000000e+03 4.837379470547052398e-10
1.065500000000000000e+03 3.415163807125170732e-10
1.081500000000000000e+03 4.203294914623514477e-10
1.097500000000000000e+03 4.117846241573653009e-10
1.113500000000000000e+03 4.457214262846156031e-10
1.129500000000000000e+03 3.282217835306637442e-10
1.145500000000000000e+03 3.034045387454798571e-10
1.161500000000000000e+03 4.786461622233211270e-10
1.177500000000000000e+03 3.532783712219411568e-10
1.193500000000000000e+03 3.651841484274425987e-10
1.209500000000000000e+03 3.603252333693186879e-10
1.225500000000000000e+03 3.349331056525825111e-10
1.241500000000000000e+03 2.272452179595256222e-10
1.257500000000000000e+03 3.016968174076674543e-10
1.273500000000000000e+03 2.436697632485920168e-10
1.289500000000000000e+03 3.350463257485794427e-10
1.305500000000000000e+03 2.886547644822036619e-10
1.321500000000000000e+03 3.436277360644102458e-10
1.337500000000000000e+03 2.912991513222180740e-10
1.353500000000000000e+03 3.097884454746274187e-10
1.369500000000000000e+03 2.727625124093425265e-10
1.385500000000000000e+03 2.549248281551193761e-10
1.401500000000000000e+03 2.321702948880885445e-10
1.417500000000000000e+03 3.021170178501067663e-10
1.433500000000000000e+03 2.642798779437665412e-10
1.449500000000000000e+03 2.580326323078661360e-10
1.465500000000000000e+03 3.935893489641225276e-10
1.481500000000000000e+03 2.254110743373074644e-10
1.497500000000000000e+03 2.610890014148982970e-10
1.513500000000000000e+03 4.385401706938110768e-10
