1.750000000000000000e+01 3.192022425209913638e-08
4.950000000000000000e+01 1.898749632074214374e-08
8.150000000000000000e+01 1.099588664780549059e-08
1.135000000000000000e+02 8.491067085758541852e-09
1.455000000000000000e+02 9.119037500847659129e-09
1.775000000000000000e+02 3.736662270440492058e-09
2.095000000000000000e+02 3.045788267289219977e-09
2.415000000000000000e+02 3.685401473405062775e-09
2.735000000000000000e+02 2.468857122431971886e-09
3.055000000000000000e+02 1.817115727404972943e-09
3.375000000000000000e+02 2.087980002862325810e-09
3.695000000000000000e+02 1.574451628696458376e-09
4.015000000000000000e+02 1.459542642652205826e-09
4.335000000000000000e+02 1.320860949304349810e-09
4.655000000000000000e+02 9.492903853295763583e-10
4.975000000000000000e+02 1.196408189866926708e-09
5.295000000000000000e+02 9.832919961926752446e-10
5.615000000000000000e+02 1.312155586217586519e-09
5.935000000000000000e+02 9.112127005585271687e-10
6.255000000000000000e+02 8.039125849523263812e-10
6.575000000000000000e+02 8.929373938187660227e-10
6.895000000000000000e+02 6.940177261778064959e-10
7.215000000000000000e+02 8.281786748953297229e-10
7.535000000000000000e+02 6.663883156003843893e-10
7.855000000000000000e+02 6.345319541096012846e-10
8.175000000000000000e+02 5.973442654951722369e-10
8.495000000000000000e+02 4.738074628637780670e-10
8.815000000000000000e+02 6.570398172991080227e-10
9.135000000000000000e+02 5.110655065307444679e-10
9.455000000000000000e+02 4.309467439244470061e-10
9.775000000000000000e+02 4.577634009145699462e-10
1.009500000000000000e+03 4.470281348838743586e-10
1.041500000000000000e+03 4.850478365795325722e-10
1.073500000000000000e+03 3.014831910445042452e-10
1.105500000000000000e+03 4.346518582944178972e-10
1.137500000000000000e+03 4.382826461478316511e-10
1.169500000000000000e+03 2.981123326734977384e-10
1.201500000000000000e+03 3.309884643294785016e-10
1.233500000000000000e+03 3.736276239041202592e-10
1.265500000000000000e+03 3.767879496040236432e-10
1.297500000000000000e+03 3.229985635723393976e-10
1.329500000000000000e+03 2.890270601031036869e-10
1.361500000000000000e+03 2.813061534498837650e-10
1.393500000000000000e+03 2.938073854447111938e-10
1.425500000000000000e+03 3.142130114162184720e-10
1.457500000000000000e+03 2.982465396348765552e-10
1.489500000000000000e+03 3.660934894067295317e-10
