9.500000000000000000e+00 1.643654786869488321e-08
2.550000000000000000e+01 3.940733415434219189e-08
4.150000000000000000e+01 8.075109952013876076e-09
5.750000000000000000e+01 2.166306283345728889e-08
7.350000000000000000e+01 1.527167860249719159e-08
8.950000000000000000e+01 4.504237095220425160e-09
1.055000000000000000e+02 1.138675762937371971e-08
1.215000000000000000e+02 7.963849920109153940e-09
1.375000000000000000e+02 1.062428548974141165e-08
1.535000000000000000e+02 3.640736850468387518e-09
1.695000000000000000e+02 5.298363084491438486e-09
1.855000000000000000e+02 6.089409589219031486e-09
2.015000000000000000e+02 4.698676729816593651e-09
2.175000000000000000e+02 3.517819816746466401e-09
2.335000000000000000e+02 3.618480319901570757e-09
2.495000000000000000e+02 2.524780058577614857e-09
2.655000000000000000e+02 1.984016484982726707e-09
2.815000000000000000e+02 2.475160165867157603e-09
2.975000000000000000e+02 2.029246478871930199e-09
3.135000000000000000e+02 2.189735808705787917e-09
3.295000000000000000e+02 1.637839414248312007e-09
3.455000000000000000e+02 2.064984954864088316e-09
3.615000000000000000e+02 1.672956672535105747e-09
3.775000000000000000e+02 1.624791479909440584e-09
3.935000000000000000e+02 1.210236685207426673e-09
4.095000000000000000e+02 2.093202533008937379e-09
4.255000000000000000e+02 1.170853479182246907e-09
4.415000000000000000e+02 1.635227113037789467e-09
4.575000000000000000e+02 1.087263657320629228e-09
4.735000000000000000e+02 1.078022806251321556e-09
4.895000000000000000e+02 8.659134069622695206e-10
5.055000000000000000e+02 1.558096115358861957e-09
5.215000000000000000e+02 7.210362891624808086e-10
5.375000000000000000e+02 1.145980484111298653e-09
5.535000000000000000e+02 9.509392574341651884e-10
5.695000000000000000e+02 1.165747315029216189e-09
5.855000000000000000e+02 8.834490224659720883e-10
6.015000000000000000e+02 1.284417586719903389e-09
6.175000000000000000e+02 6.281597480778646456e-10
6.335000000000000000e+02 9.059392745671013883e-10
6.495000000000000000e+02 8.303939909000239507e-10
6.655000000000000000e+02 7.437428770221213253e-10
6.815000000000000000e+02 9.039981393571377349e-10
6.975000000000000000e+02 7.667508688490228583e-10
7.135000000000000000e+02 5.282690023724474355e-10
7.295000000000000000e+02 1.022596149208716935e-09
7.455000000000000000e+02 3.461841251727801521e-10
7.615000000000000000e+02 7.178688197904550294e-10
7.775000000000000000e+02 5.440025904386428584e-10
7.935000000000000000e+02 5.530093558274680136e-10
8.095000000000000000e+02 5.665096134581815386e-10
8.255000000000000000e+02 5.972439118216793312e-10
8.415000000000000000e+02 6.640149885343949426e-10
8.575000000000000000e+02 6.097669484427595129e-10
8.735000000000000000e+02 4.970009847974552977e-10
8.895000000000000000e+02 5.178870426913697501e-10
9.055000000000000000e+02 6.925595208912204879e-10
9.215000000000000000e+02 2.870328096053851619e-10
9.375000000000000000e+02 4.877279671714698378e-10
9.535000000000000000e+02 4.784520879067830034e-10
9.695000000000000000e+02 4.084017210006778855e-10
9.855000000000000000e+02 4.977148932890321378e-10
1.001500000000000000e+03 3.867040038915363340e-10
1.017500000000000000e+03 4.826865280456367709e-10
1.033500000000000000e+03 4.215219183924281740e-10
1.049500000000000000e+03 3.074090898070206819e-10
1.065500000000000000e+03 4.736235698789614991e-10
1.081500000000000000e+03 3.424129360381877738e-10
1.097500000000000000e+03 4.482712922028230217e-10
1.113500000000000000e+03 4.811522947476674433e-10
1.129500000000000000e+03 3.746377805525112022e-10
1.145500000000000000e+03 3.116633198204287987e-10
1.161500000000000000e+03 3.532708118493061897e-10
1.177500000000000000e+03 3.842219893631018611e-10
1.193500000000000000e+03 3.864488861830436285e-10
1.209500000000000000e+03 3.329521873059447181e-10
1.225500000000000000e+03 4.391860720181236484e-10
1.241500000000000000e+03 2.896052382342062639e-10
1.257500000000000000e+03 3.601634978487237781e-10
1.273500000000000000e+03 2.431418061691780506e-10
1.289500000000000000e+03 2.966390938465050857e-10
1.305500000000000000e+03 3.428764527096983763e-10
1.321500000000000000e+03 2.786667201841708319e-10
1.337500000000000000e+03 3.039959533204223369e-10
1.353500000000000000e+03 2.949695923888190263e-10
1.369500000000000000e+03 2.566298259721673496e-10
1.385500000000000000e+03 2.077595658264357519e-10
1.401500000000000000e+03 3.084343814453798949e-10
1.417500000000000000e+03 2.881937407400487957e-10
1.433500000000000000e+03 2.490316818688627601e-10
1.449500000000000000e+03 2.085154088399262570e-10
1.465500000000000000e+03 3.506615210719817220e-10
1.481500000000000000e+03 2.740013611621897369e-10
1.497500000000000000e+03 2.010678095964118576e-10
1.513500000000000000e+03 4.869280105277512803e-10
