1.750000000000000000e+01 2.238497601142167737e-08
4.950000000000000000e+01 3.645673291920212710e-08
8.150000000000000000e+01 7.525663057725757717e-09
1.135000000000000000e+02 7.930951084323010956e-09
1.455000000000000000e+02 7.944272189958975920e-09
1.775000000000000000e+02 3.702009608536141612e-09
2.095000000000000000e+02 3.497334477222152203e-09
2.415000000000000000e+02 3.848496142078161698e-09
2.735000000000000000e+02 2.700103214929259269e-09
3.055000000000000000e+02 2.769213936034429524e-09
3.375000000000000000e+02 2.180784364830522993e-09
3.695000000000000000e+02 1.513246822169736127e-09
4.015000000000000000e+02 1.700745468421803734e-09
4.335000000000000000e+02 1.168091109286504638e-09
4.655000000000000000e+02 1.121965587752580679e-09
4.975000000000000000e+02 1.355534377930376367e-09
5.295000000000000000e+02 1.283249996352679530e-09
5.615000000000000000e+02 1.050337760154836903e-09
5.935000000000000000e+02 8.448653617918953139e-10
6.255000000000000000e+02 1.020675541616624232e-09
6.575000000000000000e+02 7.258862707660829771e-10
6.895000000000000000e+02 5.900130394949570288e-10
7.215000000000000000e+02 8.658876245122670789e-10
7.535000000000000000e+02 7.035176834875276428e-10
7.855000000000000000e+02 6.537352592585940231e-10
8.175000000000000000e+02 5.787096906488797891e-10
8.495000000000000000e+02 6.472025234946827388e-10
8.815000000000000000e+02 4.907220438461173193e-10
9.135000000000000000e+02 5.719482863417220944e-10
9.455000000000000000e+02 4.306739564448186556e-10
9.775000000000000000e+02 5.915335921516381076e-10
1.009500000000000000e+03 3.927154487711670672e-10
1.041500000000000000e+03 3.710658696277541437e-10
1.073500000000000000e+03 4.322555870325126254e-10
1.105500000000000000e+03 4.080562822753297520e-10
1.137500000000000000e+03 3.986153990770452072e-10
1.169500000000000000e+03 4.423443040691365803e-10
1.201500000000000000e+03 3.221391918290267667e-10
1.233500000000000000e+03 3.754293209714695892e-10
1.265500000000000000e+03 3.794391879840471564e-10
1.297500000000000000e+03 3.203743494116215625e-10
1.329500000000000000e+03 3.513949376122615775e-10
1.361500000000000000e+03 3.195857085335340371e-10
1.393500000000000000e+03 3.536201304318057799e-10
1.425500000000000000e+03 3.082736446191456407e-10
1.457500000000000000e+03 2.947521384549821881e-10
1.489500000000000000e+03 3.939601792068335999e-10
