1.750000000000000000e+01 2.506101393711700162e-08
4.950000000000000000e+01 4.803809538452830502e-08
8.150000000000000000e+01 2.965576714943864170e-09
1.135000000000000000e+02 7.757861156046480467e-09
1.455000000000000000e+02 8.169760884392563883e-09
1.775000000000000000e+02 4.415254604395575165e-09
2.095000000000000000e+02 4.071780975402785751e-09
2.415000000000000000e+02 3.040084345989670246e-09
2.735000000000000000e+02 2.544134719475505781e-09
3.055000000000000000e+02 2.686824740302984320e-09
3.375000000000000000e+02 1.954862890007914733e-09
3.695000000000000000e+02 1.617756567452743861e-09
4.015000000000000000e+02 1.502981395297139431e-09
4.335000000000000000e+02 1.571886834896052867e-09
4.655000000000000000e+02 1.234324503549703449e-09
4.975000000000000000e+02 1.486820231608589011e-09
5.295000000000000000e+02 1.178014831116218775e-09
5.615000000000000000e+02 1.072170034609562149e-09
5.935000000000000000e+02 9.196221878260504532e-10
6.255000000000000000e+02 9.284167637410168884e-10
6.575000000000000000e+02 8.180577465422109927e-10
6.895000000000000000e+02 7.265560683973496502e-10
7.215000000000000000e+02 7.625485128086268351e-10
7.535000000000000000e+02 6.213276496880248402e-10
7.855000000000000000e+02 7.460161530493227331e-10
8.175000000000000000e+02 5.598768222448676115e-10
8.495000000000000000e+02 5.829324900369097293e-10
8.815000000000000000e+02 5.368905178060995024e-10
9.135000000000000000e+02 5.163004447574924436e-10
9.455000000000000000e+02 4.569196715639685183e-10
9.775000000000000000e+02 4.638417398928602783e-10
1.009500000000000000e+03 3.509572915083719848e-10
1.041500000000000000e+03 4.809459448760885599e-10
1.073500000000000000e+03 4.058379055181368271e-10
1.105500000000000000e+03 4.425225619826808604e-10
1.137500000000000000e+03 3.759798656638123865e-10
1.169500000000000000e+03 3.708850583708117579e-10
1.201500000000000000e+03 3.773994417060771742e-10
1.233500000000000000e+03 3.368025437706268336e-10
1.265500000000000000e+03 3.059833364105479614e-10
1.297500000000000000e+03 3.241290632657221347e-10
1.329500000000000000e+03 3.241780434017014978e-10
1.361500000000000000e+03 2.978968915688585909e-10
1.393500000000000000e+03 3.229624645511325182e-10
1.425500000000000000e+03 3.010791804601686146e-10
1.457500000000000000e+03 2.720851099781723277e-10
1.489500000000000000e+03 3.855169455922003312e-10
