1.750000000000000000e+01 2.735655021138313047e-08
4.950000000000000000e+01 1.758514637042067177e-08
8.150000000000000000e+01 1.060022022833157920e-08
1.135000000000000000e+02 9.338035464472882574e-09
1.455000000000000000e+02 6.940749187769379632e-09
1.775000000000000000e+02 5.238643876179819299e-09
2.095000000000000000e+02 4.388483263167082011e-09
2.415000000000000000e+02 2.888230700549522425e-09
2.735000000000000000e+02 2.173926248928951863e-09
3.055000000000000000e+02 2.118626186901664671e-09
3.375000000000000000e+02 1.874734633013194335e-09
3.695000000000000000e+02 1.618289016457879214e-09
4.015000000000000000e+02 1.600887943404208422e-09
4.335000000000000000e+02 1.491332513890810763e-09
4.655000000000000000e+02 1.053493593970511314e-09
4.975000000000000000e+02 1.176065203053326686e-09
5.295000000000000000e+02 9.807364893392941846e-10
5.615000000000000000e+02 1.053080563130018206e-09
5.935000000000000000e+02 1.074465956393565018e-09
6.255000000000000000e+02 8.007820528599985073e-10
6.575000000000000000e+02 8.227364773703256543e-10
6.895000000000000000e+02 7.912219816236238283e-10
7.215000000000000000e+02 7.367297379957376311e-10
7.535000000000000000e+02 5.757902304668915760e-10
7.855000000000000000e+02 5.655697402751534851e-10
8.175000000000000000e+02 5.857646233564158811e-10
8.495000000000000000e+02 6.312780302684750422e-10
8.815000000000000000e+02 5.362874051177834219e-10
9.135000000000000000e+02 4.946820090893954842e-10
9.455000000000000000e+02 4.445031168119151289e-10
9.775000000000000000e+02 4.512636509459617593e-10
1.009500000000000000e+03 4.475414017770564797e-10
1.041500000000000000e+03 3.835860210604808234e-10
1.073500000000000000e+03 3.933871103370800000e-10
1.105500000000000000e+03 4.629687977182460977e-10
1.137500000000000000e+03 3.450931828625809789e-10
1.169500000000000000e+03 3.652411847741209397e-10
1.201500000000000000e+03 3.743050541643416840e-10
1.233500000000000000e+03 3.698666323006371448e-10
1.265500000000000000e+03 2.881215094535273565e-10
1.297500000000000000e+03 3.099775550075309263e-10
1.329500000000000000e+03 3.031094414138731321e-10
1.361500000000000000e+03 2.680212161886404513e-10
1.393500000000000000e+03 2.610471764070295403e-10
1.425500000000000000e+03 2.729851737840604928e-10
1.457500000000000000e+03 2.569089710905679037e-10
1.489500000000000000e+03 3.651488151443405562e-10
