1.750000000000000000e+01 2.486512587586392528e-08
4.950000000000000000e+01 2.785192145721926095e-08
8.150000000000000000e+01 9.918244093376016993e-09
1.135000000000000000e+02 1.157944792831277886e-08
1.455000000000000000e+02 4.020884330392989301e-09
1.775000000000000000e+02 4.066108146257923792e-09
2.095000000000000000e+02 4.188612455108659222e-09
2.415000000000000000e+02 2.606671946668461279e-09
2.735000000000000000e+02 2.586090602184504066e-09
3.055000000000000000e+02 1.468939077332653061e-09
3.375000000000000000e+02 1.513456290843316300e-09
3.695000000000000000e+02 2.179315653271419227e-09
4.015000000000000000e+02 1.771210393261373813e-09
4.335000000000000000e+02 1.408758713713425161e-09
4.655000000000000000e+02 1.300722416222196099e-09
4.975000000000000000e+02 1.390179955614985580e-09
5.295000000000000000e+02 1.237811947549978386e-09
5.615000000000000000e+02 1.100190706632403964e-09
5.935000000000000000e+02 1.039065966447573441e-09
6.255000000000000000e+02 1.088084536147508030e-09
6.575000000000000000e+02 8.512889405151091459e-10
6.895000000000000000e+02 8.809658191738404386e-10
7.215000000000000000e+02 6.821444443780733317e-10
7.535000000000000000e+02 7.761404553963709186e-10
7.855000000000000000e+02 6.384828469130877167e-10
8.175000000000000000e+02 6.344959025233014997e-10
8.495000000000000000e+02 5.971364404871619525e-10
8.815000000000000000e+02 5.295944948958275559e-10
9.135000000000000000e+02 5.593220315794843541e-10
9.455000000000000000e+02 5.432447587302602702e-10
9.775000000000000000e+02 5.068440036771038334e-10
1.009500000000000000e+03 5.019606819267695037e-10
1.041500000000000000e+03 4.423061709914975545e-10
1.073500000000000000e+03 4.791564408199539390e-10
1.105500000000000000e+03 3.713800727312963732e-10
1.137500000000000000e+03 3.884594261401636224e-10
1.169500000000000000e+03 4.118301237897291971e-10
1.201500000000000000e+03 3.550414046235243566e-10
1.233500000000000000e+03 3.925127027271773128e-10
1.265500000000000000e+03 3.604041118417023553e-10
1.297500000000000000e+03 4.048156150940570656e-10
1.329500000000000000e+03 3.030850075350536144e-10
1.361500000000000000e+03 3.386410083258370351e-10
1.393500000000000000e+03 3.007722942476429652e-10
1.425500000000000000e+03 3.098638637283174499e-10
1.457500000000000000e+03 2.681428588417279791e-10
1.489500000000000000e+03 3.952630080870284139e-10
