1.750000000000000000e+01 4.360721796017387864e-08
4.950000000000000000e+01 1.269446196705865318e-08
8.150000000000000000e+01 1.136377571759327105e-08
1.135000000000000000e+02 6.035134356016909050e-09
1.455000000000000000e+02 5.262763027272551207e-09
1.775000000000000000e+02 5.521637085508779886e-09
2.095000000000000000e+02 2.575371346936140781e-09
2.415000000000000000e+02 2.596602728404856914e-09
2.735000000000000000e+02 2.226039888536077283e-09
3.055000000000000000e+02 2.705583750630221913e-09
3.375000000000000000e+02 1.683675758217147282e-09
3.695000000000000000e+02 1.891630591432477009e-09
4.015000000000000000e+02 1.557413519829494363e-09
4.335000000000000000e+02 1.532848513878555094e-09
4.655000000000000000e+02 1.066575908699010158e-09
4.975000000000000000e+02 1.208672854643539465e-09
5.295000000000000000e+02 9.646080053652161082e-10
5.615000000000000000e+02 1.075255049587004169e-09
5.935000000000000000e+02 8.068902448255558266e-10
6.255000000000000000e+02 8.681175715230230669e-10
6.575000000000000000e+02 7.493934323580266203e-10
6.895000000000000000e+02 6.912897656786408801e-10
7.215000000000000000e+02 6.668945638340063400e-10
7.535000000000000000e+02 5.118674987849309691e-10
7.855000000000000000e+02 7.179954227970035735e-10
8.175000000000000000e+02 4.504407600729680027e-10
8.495000000000000000e+02 6.809369681280003941e-10
8.815000000000000000e+02 4.956020077743921705e-10
9.135000000000000000e+02 4.832459527213712886e-10
9.455000000000000000e+02 4.756631677848662026e-10
9.775000000000000000e+02 4.318930227257476874e-10
1.009500000000000000e+03 4.034610346233214701e-10
1.041500000000000000e+03 3.761705308822780152e-10
1.073500000000000000e+03 4.089691028652168031e-10
1.105500000000000000e+03 3.500850955927566401e-10
1.137500000000000000e+03 4.472290018957447878e-10
1.169500000000000000e+03 3.000173287507402548e-10
1.201500000000000000e+03 3.051035675775168332e-10
1.233500000000000000e+03 3.259480702333868709e-10
1.265500000000000000e+03 2.887406509230576988e-10
1.297500000000000000e+03 3.682442600633280332e-10
1.329500000000000000e+03 2.797108901501764944e-10
1.361500000000000000e+03 2.667124620980747616e-10
1.393500000000000000e+03 2.816595746321965253e-10
1.425500000000000000e+03 3.027370997240092622e-10
1.457500000000000000e+03 2.112170606791224992e-10
1.489500000000000000e+03 3.572945764483401829e-10
